num.trans.involved.in,sample,peak
22,Sample_S19S_0016_Sed_Field_ICR.D_p2,200.092796
29,Sample_S19S_0016_Sed_Field_ICR.D_p2,201.0404313
38,Sample_S19S_0016_Sed_Field_ICR.D_p2,201.0768122
39,Sample_S19S_0016_Sed_Field_ICR.D_p2,201.1131969
21,Sample_S19S_0016_Sed_Field_ICR.D_p2,201.1495782
14,Sample_S19S_0016_Sed_Field_ICR.D_p2,202.0720568
8,Sample_S19S_0016_Sed_Field_ICR.D_p2,202.1084386
37,Sample_S19S_0016_Sed_Field_ICR.D_p2,203.0560881
19,Sample_S19S_0016_Sed_Field_ICR.D_p2,203.0924536
22,Sample_S19S_0016_Sed_Field_ICR.D_p2,203.1288378
11,Sample_S19S_0016_Sed_Field_ICR.D_p2,204.0665886
18,Sample_S19S_0016_Sed_Field_ICR.D_p2,205.0505947
34,Sample_S19S_0016_Sed_Field_ICR.D_p2,205.0717289
38,Sample_S19S_0016_Sed_Field_ICR.D_p2,205.1081166
16,Sample_S19S_0016_Sed_Field_ICR.D_p2,206.0822311
28,Sample_S19S_0016_Sed_Field_ICR.D_p2,207.1390235
19,Sample_S19S_0016_Sed_Field_ICR.D_p2,208.0978901
26,Sample_S19S_0016_Sed_Field_ICR.D_p2,209.0455114
36,Sample_S19S_0016_Sed_Field_ICR.D_p2,209.0818981
28,Sample_S19S_0016_Sed_Field_ICR.D_p2,209.1182936
28,Sample_S19S_0016_Sed_Field_ICR.D_p2,209.1546803
14,Sample_S19S_0016_Sed_Field_ICR.D_p2,210.0407624
1,Sample_S19S_0016_Sed_Field_ICR.D_p2,211.0224001
43,Sample_S19S_0016_Sed_Field_ICR.D_p2,211.0611736
43,Sample_S19S_0016_Sed_Field_ICR.D_p2,211.097555
37,Sample_S19S_0016_Sed_Field_ICR.D_p2,211.1339377
3,Sample_S19S_0016_Sed_Field_ICR.D_p2,212.0200182
21,Sample_S19S_0016_Sed_Field_ICR.D_p2,212.0928177
1,Sample_S19S_0016_Sed_Field_ICR.D_p2,213.0152775
28,Sample_S19S_0016_Sed_Field_ICR.D_p2,213.0404285
41,Sample_S19S_0016_Sed_Field_ICR.D_p2,213.0768216
9,Sample_S19S_0016_Sed_Field_ICR.D_p2,213.0880482
44,Sample_S19S_0016_Sed_Field_ICR.D_p2,213.1132092
7,Sample_S19S_0016_Sed_Field_ICR.D_p2,213.1244419
28,Sample_S19S_0016_Sed_Field_ICR.D_p2,213.1495806
6,Sample_S19S_0016_Sed_Field_ICR.D_p2,214.050931
23,Sample_S19S_0016_Sed_Field_ICR.D_p2,214.0720739
22,Sample_S19S_0016_Sed_Field_ICR.D_p2,214.1084656
14,Sample_S19S_0016_Sed_Field_ICR.D_p2,214.1448275
39,Sample_S19S_0016_Sed_Field_ICR.D_p2,215.0560786
45,Sample_S19S_0016_Sed_Field_ICR.D_p2,215.0924726
34,Sample_S19S_0016_Sed_Field_ICR.D_p2,215.1288446
24,Sample_S19S_0016_Sed_Field_ICR.D_p2,215.1652394
17,Sample_S19S_0016_Sed_Field_ICR.D_p2,216.0877266
17,Sample_S19S_0016_Sed_Field_ICR.D_p2,216.1240952
44,Sample_S19S_0016_Sed_Field_ICR.D_p2,217.0717431
45,Sample_S19S_0016_Sed_Field_ICR.D_p2,217.1081169
29,Sample_S19S_0016_Sed_Field_ICR.D_p2,217.1444967
22,Sample_S19S_0016_Sed_Field_ICR.D_p2,218.1033705
29,Sample_S19S_0016_Sed_Field_ICR.D_p2,219.050995
40,Sample_S19S_0016_Sed_Field_ICR.D_p2,219.0873877
18,Sample_S19S_0016_Sed_Field_ICR.D_p2,219.1390265
18,Sample_S19S_0016_Sed_Field_ICR.D_p2,221.0818912
17,Sample_S19S_0016_Sed_Field_ICR.D_p2,221.1546776
13,Sample_S19S_0016_Sed_Field_ICR.D_p2,222.0771399
15,Sample_S19S_0016_Sed_Field_ICR.D_p2,223.0611523
40,Sample_S19S_0016_Sed_Field_ICR.D_p2,223.0975605
44,Sample_S19S_0016_Sed_Field_ICR.D_p2,223.1339546
4,Sample_S19S_0016_Sed_Field_ICR.D_p2,225.0557149
49,Sample_S19S_0016_Sed_Field_ICR.D_p2,225.0768195
22,Sample_S19S_0016_Sed_Field_ICR.D_p2,225.1131873
42,Sample_S19S_0016_Sed_Field_ICR.D_p2,225.1496041
33,Sample_S19S_0016_Sed_Field_ICR.D_p2,227.056079
49,Sample_S19S_0016_Sed_Field_ICR.D_p2,227.092466
14,Sample_S19S_0016_Sed_Field_ICR.D_p2,227.1037081
52,Sample_S19S_0016_Sed_Field_ICR.D_p2,227.1288722
8,Sample_S19S_0016_Sed_Field_ICR.D_p2,227.1401024
39,Sample_S19S_0016_Sed_Field_ICR.D_p2,227.1652564
26,Sample_S19S_0016_Sed_Field_ICR.D_p2,228.1241247
18,Sample_S19S_0016_Sed_Field_ICR.D_p2,228.1605095
43,Sample_S19S_0016_Sed_Field_ICR.D_p2,229.0717413
12,Sample_S19S_0016_Sed_Field_ICR.D_p2,229.0830046
49,Sample_S19S_0016_Sed_Field_ICR.D_p2,229.1081151
44,Sample_S19S_0016_Sed_Field_ICR.D_p2,229.14452
33,Sample_S19S_0016_Sed_Field_ICR.D_p2,229.1809126
27,Sample_S19S_0016_Sed_Field_ICR.D_p2,230.1033909
18,Sample_S19S_0016_Sed_Field_ICR.D_p2,230.1397625
27,Sample_S19S_0016_Sed_Field_ICR.D_p2,231.051012
48,Sample_S19S_0016_Sed_Field_ICR.D_p2,231.0873835
25,Sample_S19S_0016_Sed_Field_ICR.D_p2,231.1237543
9,Sample_S19S_0016_Sed_Field_ICR.D_p2,231.1350267
31,Sample_S19S_0016_Sed_Field_ICR.D_p2,231.160163
56,Sample_S19S_0016_Sed_Field_ICR.D_p2,233.0666759
43,Sample_S19S_0016_Sed_Field_ICR.D_p2,233.1030488
24,Sample_S19S_0016_Sed_Field_ICR.D_p2,233.1546845
2,Sample_S19S_0016_Sed_Field_ICR.D_p2,234.0632578
27,Sample_S19S_0016_Sed_Field_ICR.D_p2,235.0611873
36,Sample_S19S_0016_Sed_Field_ICR.D_p2,235.0975749
26,Sample_S19S_0016_Sed_Field_ICR.D_p2,235.1339408
38,Sample_S19S_0016_Sed_Field_ICR.D_p2,237.0768351
42,Sample_S19S_0016_Sed_Field_ICR.D_p2,237.1132227
48,Sample_S19S_0016_Sed_Field_ICR.D_p2,237.1496102
22,Sample_S19S_0016_Sed_Field_ICR.D_p2,238.0720655
1,Sample_S19S_0016_Sed_Field_ICR.D_p2,238.9629644
5,Sample_S19S_0016_Sed_Field_ICR.D_p2,239.0349883
49,Sample_S19S_0016_Sed_Field_ICR.D_p2,239.0561117
5,Sample_S19S_0016_Sed_Field_ICR.D_p2,239.0673352
75,Sample_S19S_0016_Sed_Field_ICR.D_p2,239.092497
59,Sample_S19S_0016_Sed_Field_ICR.D_p2,239.1288753
44,Sample_S19S_0016_Sed_Field_ICR.D_p2,239.1652571
9,Sample_S19S_0016_Sed_Field_ICR.D_p2,241.0466195
34,Sample_S19S_0016_Sed_Field_ICR.D_p2,241.0717422
41,Sample_S19S_0016_Sed_Field_ICR.D_p2,241.1081087
9,Sample_S19S_0016_Sed_Field_ICR.D_p2,241.1193918
35,Sample_S19S_0016_Sed_Field_ICR.D_p2,241.1445007
47,Sample_S19S_0016_Sed_Field_ICR.D_p2,241.1809156
24,Sample_S19S_0016_Sed_Field_ICR.D_p2,242.0670034
35,Sample_S19S_0016_Sed_Field_ICR.D_p2,242.1033669
30,Sample_S19S_0016_Sed_Field_ICR.D_p2,242.139775
17,Sample_S19S_0016_Sed_Field_ICR.D_p2,242.1761465
50,Sample_S19S_0016_Sed_Field_ICR.D_p2,243.0510224
8,Sample_S19S_0016_Sed_Field_ICR.D_p2,243.0622684
45,Sample_S19S_0016_Sed_Field_ICR.D_p2,243.0873816
14,Sample_S19S_0016_Sed_Field_ICR.D_p2,243.0986597
36,Sample_S19S_0016_Sed_Field_ICR.D_p2,243.1237626
38,Sample_S19S_0016_Sed_Field_ICR.D_p2,243.1601665
39,Sample_S19S_0016_Sed_Field_ICR.D_p2,243.1965883
26,Sample_S19S_0016_Sed_Field_ICR.D_p2,244.0826525
32,Sample_S19S_0016_Sed_Field_ICR.D_p2,244.1190458
10,Sample_S19S_0016_Sed_Field_ICR.D_p2,244.1302798
3,Sample_S19S_0016_Sed_Field_ICR.D_p2,245.0489119
78,Sample_S19S_0016_Sed_Field_ICR.D_p2,245.0666847
79,Sample_S19S_0016_Sed_Field_ICR.D_p2,245.1030642
14,Sample_S19S_0016_Sed_Field_ICR.D_p2,245.1142776
46,Sample_S19S_0016_Sed_Field_ICR.D_p2,245.1394342
8,Sample_S19S_0016_Sed_Field_ICR.D_p2,246.1095509
70,Sample_S19S_0016_Sed_Field_ICR.D_p2,247.0823368
13,Sample_S19S_0016_Sed_Field_ICR.D_p2,247.0935696
44,Sample_S19S_0016_Sed_Field_ICR.D_p2,247.0975945
59,Sample_S19S_0016_Sed_Field_ICR.D_p2,247.118733
14,Sample_S19S_0016_Sed_Field_ICR.D_p2,247.1703275
24,Sample_S19S_0016_Sed_Field_ICR.D_p2,248.1139872
1,Sample_S19S_0016_Sed_Field_ICR.D_p2,249.0227066
64,Sample_S19S_0016_Sed_Field_ICR.D_p2,249.0979835
37,Sample_S19S_0016_Sed_Field_ICR.D_p2,249.1132224
47,Sample_S19S_0016_Sed_Field_ICR.D_p2,249.1496147
22,Sample_S19S_0016_Sed_Field_ICR.D_p2,250.1448617
6,Sample_S19S_0016_Sed_Field_ICR.D_p2,251.0594793
2,Sample_S19S_0016_Sed_Field_ICR.D_p2,251.0785764
70,Sample_S19S_0016_Sed_Field_ICR.D_p2,251.0925063
7,Sample_S19S_0016_Sed_Field_ICR.D_p2,251.0958765
42,Sample_S19S_0016_Sed_Field_ICR.D_p2,251.1289035
46,Sample_S19S_0016_Sed_Field_ICR.D_p2,251.1652673
3,Sample_S19S_0016_Sed_Field_ICR.D_p2,252.0911243
62,Sample_S19S_0016_Sed_Field_ICR.D_p2,253.0717756
8,Sample_S19S_0016_Sed_Field_ICR.D_p2,253.0829986
40,Sample_S19S_0016_Sed_Field_ICR.D_p2,253.1081345
65,Sample_S19S_0016_Sed_Field_ICR.D_p2,253.1445337
51,Sample_S19S_0016_Sed_Field_ICR.D_p2,253.1809275
43,Sample_S19S_0016_Sed_Field_ICR.D_p2,255.0510433
6,Sample_S19S_0016_Sed_Field_ICR.D_p2,255.0622462
94,Sample_S19S_0016_Sed_Field_ICR.D_p2,255.0874163
55,Sample_S19S_0016_Sed_Field_ICR.D_p2,255.1237776
62,Sample_S19S_0016_Sed_Field_ICR.D_p2,255.1602018
51,Sample_S19S_0016_Sed_Field_ICR.D_p2,255.1965909
23,Sample_S19S_0016_Sed_Field_ICR.D_p2,255.2329705
16,Sample_S19S_0016_Sed_Field_ICR.D_p2,256.0826837
1,Sample_S19S_0016_Sed_Field_ICR.D_p2,257.0415582
69,Sample_S19S_0016_Sed_Field_ICR.D_p2,257.0666765
10,Sample_S19S_0016_Sed_Field_ICR.D_p2,257.0779166
65,Sample_S19S_0016_Sed_Field_ICR.D_p2,257.1030521
18,Sample_S19S_0016_Sed_Field_ICR.D_p2,257.1143128
67,Sample_S19S_0016_Sed_Field_ICR.D_p2,257.1394516
48,Sample_S19S_0016_Sed_Field_ICR.D_p2,257.175834
38,Sample_S19S_0016_Sed_Field_ICR.D_p2,257.2122374
26,Sample_S19S_0016_Sed_Field_ICR.D_p2,258.0983343
23,Sample_S19S_0016_Sed_Field_ICR.D_p2,258.1347123
11,Sample_S19S_0016_Sed_Field_ICR.D_p2,258.145966
46,Sample_S19S_0016_Sed_Field_ICR.D_p2,259.0459547
73,Sample_S19S_0016_Sed_Field_ICR.D_p2,259.0823405
72,Sample_S19S_0016_Sed_Field_ICR.D_p2,259.1187072
15,Sample_S19S_0016_Sed_Field_ICR.D_p2,259.1299532
59,Sample_S19S_0016_Sed_Field_ICR.D_p2,259.1551113
33,Sample_S19S_0016_Sed_Field_ICR.D_p2,259.1914889
21,Sample_S19S_0016_Sed_Field_ICR.D_p2,260.1503532
47,Sample_S19S_0016_Sed_Field_ICR.D_p2,261.061588
1,Sample_S19S_0016_Sed_Field_ICR.D_p2,261.0880981
57,Sample_S19S_0016_Sed_Field_ICR.D_p2,261.0980071
68,Sample_S19S_0016_Sed_Field_ICR.D_p2,261.1343647
35,Sample_S19S_0016_Sed_Field_ICR.D_p2,261.149632
1,Sample_S19S_0016_Sed_Field_ICR.D_p2,261.9555802
24,Sample_S19S_0016_Sed_Field_ICR.D_p2,262.0932448
19,Sample_S19S_0016_Sed_Field_ICR.D_p2,262.1660448
1,Sample_S19S_0016_Sed_Field_ICR.D_p2,262.9760185
53,Sample_S19S_0016_Sed_Field_ICR.D_p2,263.0772341
58,Sample_S19S_0016_Sed_Field_ICR.D_p2,263.1136323
36,Sample_S19S_0016_Sed_Field_ICR.D_p2,263.128908
48,Sample_S19S_0016_Sed_Field_ICR.D_p2,263.1500397
46,Sample_S19S_0016_Sed_Field_ICR.D_p2,263.1652771
1,Sample_S19S_0016_Sed_Field_ICR.D_p2,264.0473979
23,Sample_S19S_0016_Sed_Field_ICR.D_p2,264.0725427
1,Sample_S19S_0016_Sed_Field_ICR.D_p2,264.0738641
30,Sample_S19S_0016_Sed_Field_ICR.D_p2,264.1089388
22,Sample_S19S_0016_Sed_Field_ICR.D_p2,264.1605215
3,Sample_S19S_0016_Sed_Field_ICR.D_p2,265.0578564
30,Sample_S19S_0016_Sed_Field_ICR.D_p2,265.0717855
8,Sample_S19S_0016_Sed_Field_ICR.D_p2,265.07514
75,Sample_S19S_0016_Sed_Field_ICR.D_p2,265.1081545
48,Sample_S19S_0016_Sed_Field_ICR.D_p2,265.1445692
4,Sample_S19S_0016_Sed_Field_ICR.D_p2,265.1479151
11,Sample_S19S_0016_Sed_Field_ICR.D_p2,265.1575521
34,Sample_S19S_0016_Sed_Field_ICR.D_p2,265.1809039
2,Sample_S19S_0016_Sed_Field_ICR.D_p2,266.089493
15,Sample_S19S_0016_Sed_Field_ICR.D_p2,266.1246093
26,Sample_S19S_0016_Sed_Field_ICR.D_p2,266.1397788
1,Sample_S19S_0016_Sed_Field_ICR.D_p2,266.9942715
49,Sample_S19S_0016_Sed_Field_ICR.D_p2,267.0510336
2,Sample_S19S_0016_Sed_Field_ICR.D_p2,267.0663132
63,Sample_S19S_0016_Sed_Field_ICR.D_p2,267.0874299
81,Sample_S19S_0016_Sed_Field_ICR.D_p2,267.123805
61,Sample_S19S_0016_Sed_Field_ICR.D_p2,267.1601848
49,Sample_S19S_0016_Sed_Field_ICR.D_p2,267.1965985
74,Sample_S19S_0016_Sed_Field_ICR.D_p2,269.0666802
82,Sample_S19S_0016_Sed_Field_ICR.D_p2,269.1030627
74,Sample_S19S_0016_Sed_Field_ICR.D_p2,269.1394657
62,Sample_S19S_0016_Sed_Field_ICR.D_p2,269.1758579
44,Sample_S19S_0016_Sed_Field_ICR.D_p2,269.2122378
33,Sample_S19S_0016_Sed_Field_ICR.D_p2,270.0983057
8,Sample_S19S_0016_Sed_Field_ICR.D_p2,271.0645721
69,Sample_S19S_0016_Sed_Field_ICR.D_p2,271.0823212
94,Sample_S19S_0016_Sed_Field_ICR.D_p2,271.118718
57,Sample_S19S_0016_Sed_Field_ICR.D_p2,271.1551343
51,Sample_S19S_0016_Sed_Field_ICR.D_p2,271.1914941
35,Sample_S19S_0016_Sed_Field_ICR.D_p2,271.227892
40,Sample_S19S_0016_Sed_Field_ICR.D_p2,272.1139554
23,Sample_S19S_0016_Sed_Field_ICR.D_p2,272.1504094
2,Sample_S19S_0016_Sed_Field_ICR.D_p2,273.0014793
51,Sample_S19S_0016_Sed_Field_ICR.D_p2,273.061591
77,Sample_S19S_0016_Sed_Field_ICR.D_p2,273.0979879
15,Sample_S19S_0016_Sed_Field_ICR.D_p2,273.109239
60,Sample_S19S_0016_Sed_Field_ICR.D_p2,273.1343844
61,Sample_S19S_0016_Sed_Field_ICR.D_p2,273.1707658
43,Sample_S19S_0016_Sed_Field_ICR.D_p2,273.2071526
27,Sample_S19S_0016_Sed_Field_ICR.D_p2,274.0932637
33,Sample_S19S_0016_Sed_Field_ICR.D_p2,274.1296219
67,Sample_S19S_0016_Sed_Field_ICR.D_p2,275.0772487
75,Sample_S19S_0016_Sed_Field_ICR.D_p2,275.1136274
55,Sample_S19S_0016_Sed_Field_ICR.D_p2,275.1500444
1,Sample_S19S_0016_Sed_Field_ICR.D_p2,275.9712102
19,Sample_S19S_0016_Sed_Field_ICR.D_p2,276.0725557
31,Sample_S19S_0016_Sed_Field_ICR.D_p2,276.108923
40,Sample_S19S_0016_Sed_Field_ICR.D_p2,277.0929294
58,Sample_S19S_0016_Sed_Field_ICR.D_p2,277.1081544
46,Sample_S19S_0016_Sed_Field_ICR.D_p2,277.1293085
57,Sample_S19S_0016_Sed_Field_ICR.D_p2,277.1445377
42,Sample_S19S_0016_Sed_Field_ICR.D_p2,277.1809457
1,Sample_S19S_0016_Sed_Field_ICR.D_p2,278.0630512
24,Sample_S19S_0016_Sed_Field_ICR.D_p2,278.0881845
12,Sample_S19S_0016_Sed_Field_ICR.D_p2,278.1610047
4,Sample_S19S_0016_Sed_Field_ICR.D_p2,279.0405176
35,Sample_S19S_0016_Sed_Field_ICR.D_p2,279.0874539
49,Sample_S19S_0016_Sed_Field_ICR.D_p2,279.1238221
5,Sample_S19S_0016_Sed_Field_ICR.D_p2,279.1271864
20,Sample_S19S_0016_Sed_Field_ICR.D_p2,279.1449966
6,Sample_S19S_0016_Sed_Field_ICR.D_p2,279.1562152
60,Sample_S19S_0016_Sed_Field_ICR.D_p2,279.160186
52,Sample_S19S_0016_Sed_Field_ICR.D_p2,279.1965926
1,Sample_S19S_0016_Sed_Field_ICR.D_p2,280.0600822
3,Sample_S19S_0016_Sed_Field_ICR.D_p2,280.068733
26,Sample_S19S_0016_Sed_Field_ICR.D_p2,280.1038615
11,Sample_S19S_0016_Sed_Field_ICR.D_p2,280.1402792
18,Sample_S19S_0016_Sed_Field_ICR.D_p2,281.0303339
1,Sample_S19S_0016_Sed_Field_ICR.D_p2,281.0528323
59,Sample_S19S_0016_Sed_Field_ICR.D_p2,281.0666829
2,Sample_S19S_0016_Sed_Field_ICR.D_p2,281.1006612
49,Sample_S19S_0016_Sed_Field_ICR.D_p2,281.1030502
78,Sample_S19S_0016_Sed_Field_ICR.D_p2,281.1394597
48,Sample_S19S_0016_Sed_Field_ICR.D_p2,281.1758716
24,Sample_S19S_0016_Sed_Field_ICR.D_p2,282.0983548
26,Sample_S19S_0016_Sed_Field_ICR.D_p2,282.1194934
15,Sample_S19S_0016_Sed_Field_ICR.D_p2,282.1347472
13,Sample_S19S_0016_Sed_Field_ICR.D_p2,283.0589556
1,Sample_S19S_0016_Sed_Field_ICR.D_p2,283.0684737
50,Sample_S19S_0016_Sed_Field_ICR.D_p2,283.0823169
99,Sample_S19S_0016_Sed_Field_ICR.D_p2,283.118715
62,Sample_S19S_0016_Sed_Field_ICR.D_p2,283.1551309
31,Sample_S19S_0016_Sed_Field_ICR.D_p2,283.1915306
19,Sample_S19S_0016_Sed_Field_ICR.D_p2,283.2279218
30,Sample_S19S_0016_Sed_Field_ICR.D_p2,284.1503618
41,Sample_S19S_0016_Sed_Field_ICR.D_p2,285.0616357
26,Sample_S19S_0016_Sed_Field_ICR.D_p2,285.0980306
9,Sample_S19S_0016_Sed_Field_ICR.D_p2,285.1166168
7,Sample_S19S_0016_Sed_Field_ICR.D_p2,285.1262347
63,Sample_S19S_0016_Sed_Field_ICR.D_p2,285.1343948
67,Sample_S19S_0016_Sed_Field_ICR.D_p2,285.17075
21,Sample_S19S_0016_Sed_Field_ICR.D_p2,285.2071124
12,Sample_S19S_0016_Sed_Field_ICR.D_p2,285.2435059
22,Sample_S19S_0016_Sed_Field_ICR.D_p2,286.1660572
60,Sample_S19S_0016_Sed_Field_ICR.D_p2,287.0772537
86,Sample_S19S_0016_Sed_Field_ICR.D_p2,287.1136282
17,Sample_S19S_0016_Sed_Field_ICR.D_p2,287.1248864
76,Sample_S19S_0016_Sed_Field_ICR.D_p2,287.150015
58,Sample_S19S_0016_Sed_Field_ICR.D_p2,287.1864124
27,Sample_S19S_0016_Sed_Field_ICR.D_p2,287.2228145
35,Sample_S19S_0016_Sed_Field_ICR.D_p2,288.1089115
26,Sample_S19S_0016_Sed_Field_ICR.D_p2,288.1453272
4,Sample_S19S_0016_Sed_Field_ICR.D_p2,288.1565445
36,Sample_S19S_0016_Sed_Field_ICR.D_p2,289.0565242
60,Sample_S19S_0016_Sed_Field_ICR.D_p2,289.0929075
70,Sample_S19S_0016_Sed_Field_ICR.D_p2,289.1292776
42,Sample_S19S_0016_Sed_Field_ICR.D_p2,289.1445478
56,Sample_S19S_0016_Sed_Field_ICR.D_p2,289.1656738
1,Sample_S19S_0016_Sed_Field_ICR.D_p2,289.9868879
16,Sample_S19S_0016_Sed_Field_ICR.D_p2,290.0882083
29,Sample_S19S_0016_Sed_Field_ICR.D_p2,290.1245994
52,Sample_S19S_0016_Sed_Field_ICR.D_p2,291.1085682
51,Sample_S19S_0016_Sed_Field_ICR.D_p2,291.1237966
44,Sample_S19S_0016_Sed_Field_ICR.D_p2,291.1449729
51,Sample_S19S_0016_Sed_Field_ICR.D_p2,291.1601932
43,Sample_S19S_0016_Sed_Field_ICR.D_p2,291.1965973
13,Sample_S19S_0016_Sed_Field_ICR.D_p2,292.0674445
28,Sample_S19S_0016_Sed_Field_ICR.D_p2,292.1038307
34,Sample_S19S_0016_Sed_Field_ICR.D_p2,292.1402353
10,Sample_S19S_0016_Sed_Field_ICR.D_p2,292.2129776
19,Sample_S19S_0016_Sed_Field_ICR.D_p2,293.0303357
60,Sample_S19S_0016_Sed_Field_ICR.D_p2,293.1030793
7,Sample_S19S_0016_Sed_Field_ICR.D_p2,293.1143295
41,Sample_S19S_0016_Sed_Field_ICR.D_p2,293.1242316
71,Sample_S19S_0016_Sed_Field_ICR.D_p2,293.1394564
19,Sample_S19S_0016_Sed_Field_ICR.D_p2,293.1757942
47,Sample_S19S_0016_Sed_Field_ICR.D_p2,293.2122379
17,Sample_S19S_0016_Sed_Field_ICR.D_p2,294.0831174
18,Sample_S19S_0016_Sed_Field_ICR.D_p2,294.1195199
70,Sample_S19S_0016_Sed_Field_ICR.D_p2,295.0823376
82,Sample_S19S_0016_Sed_Field_ICR.D_p2,295.1187213
74,Sample_S19S_0016_Sed_Field_ICR.D_p2,295.1550986
56,Sample_S19S_0016_Sed_Field_ICR.D_p2,295.1914926
42,Sample_S19S_0016_Sed_Field_ICR.D_p2,295.227888
1,Sample_S19S_0016_Sed_Field_ICR.D_p2,296.1000764
28,Sample_S19S_0016_Sed_Field_ICR.D_p2,296.1139469
35,Sample_S19S_0016_Sed_Field_ICR.D_p2,297.0616262
48,Sample_S19S_0016_Sed_Field_ICR.D_p2,297.0980154
42,Sample_S19S_0016_Sed_Field_ICR.D_p2,297.1344063
4,Sample_S19S_0016_Sed_Field_ICR.D_p2,297.1529844
39,Sample_S19S_0016_Sed_Field_ICR.D_p2,297.1707937
21,Sample_S19S_0016_Sed_Field_ICR.D_p2,297.2071894
26,Sample_S19S_0016_Sed_Field_ICR.D_p2,297.2435585
28,Sample_S19S_0016_Sed_Field_ICR.D_p2,298.0932671
20,Sample_S19S_0016_Sed_Field_ICR.D_p2,298.1144285
30,Sample_S19S_0016_Sed_Field_ICR.D_p2,298.1296449
50,Sample_S19S_0016_Sed_Field_ICR.D_p2,299.0772616
79,Sample_S19S_0016_Sed_Field_ICR.D_p2,299.1136455
84,Sample_S19S_0016_Sed_Field_ICR.D_p2,299.1500243
57,Sample_S19S_0016_Sed_Field_ICR.D_p2,299.1864335
24,Sample_S19S_0016_Sed_Field_ICR.D_p2,299.2228305
27,Sample_S19S_0016_Sed_Field_ICR.D_p2,300.1089049
31,Sample_S19S_0016_Sed_Field_ICR.D_p2,300.1453117
28,Sample_S19S_0016_Sed_Field_ICR.D_p2,300.1816868
32,Sample_S19S_0016_Sed_Field_ICR.D_p2,301.0565488
56,Sample_S19S_0016_Sed_Field_ICR.D_p2,301.092932
58,Sample_S19S_0016_Sed_Field_ICR.D_p2,301.129318
67,Sample_S19S_0016_Sed_Field_ICR.D_p2,301.1656955
60,Sample_S19S_0016_Sed_Field_ICR.D_p2,301.202066
36,Sample_S19S_0016_Sed_Field_ICR.D_p2,301.2384478
36,Sample_S19S_0016_Sed_Field_ICR.D_p2,302.1245742
12,Sample_S19S_0016_Sed_Field_ICR.D_p2,302.1357844
27,Sample_S19S_0016_Sed_Field_ICR.D_p2,302.1609828
10,Sample_S19S_0016_Sed_Field_ICR.D_p2,302.1721713
60,Sample_S19S_0016_Sed_Field_ICR.D_p2,303.0721573
82,Sample_S19S_0016_Sed_Field_ICR.D_p2,303.1085414
74,Sample_S19S_0016_Sed_Field_ICR.D_p2,303.1449308
32,Sample_S19S_0016_Sed_Field_ICR.D_p2,303.1602155
51,Sample_S19S_0016_Sed_Field_ICR.D_p2,303.1813306
29,Sample_S19S_0016_Sed_Field_ICR.D_p2,303.2177327
1,Sample_S19S_0016_Sed_Field_ICR.D_p2,304.0025109
34,Sample_S19S_0016_Sed_Field_ICR.D_p2,304.1038383
33,Sample_S19S_0016_Sed_Field_ICR.D_p2,304.1402446
8,Sample_S19S_0016_Sed_Field_ICR.D_p2,304.1766628
33,Sample_S19S_0016_Sed_Field_ICR.D_p2,305.0666877
39,Sample_S19S_0016_Sed_Field_ICR.D_p2,305.087829
38,Sample_S19S_0016_Sed_Field_ICR.D_p2,305.1242388
24,Sample_S19S_0016_Sed_Field_ICR.D_p2,305.160638
49,Sample_S19S_0016_Sed_Field_ICR.D_p2,305.1758605
18,Sample_S19S_0016_Sed_Field_ICR.D_p2,306.0831168
19,Sample_S19S_0016_Sed_Field_ICR.D_p2,306.1195211
14,Sample_S19S_0016_Sed_Field_ICR.D_p2,306.155916
10,Sample_S19S_0016_Sed_Field_ICR.D_p2,306.192305
31,Sample_S19S_0016_Sed_Field_ICR.D_p2,307.1187572
50,Sample_S19S_0016_Sed_Field_ICR.D_p2,307.1551342
4,Sample_S19S_0016_Sed_Field_ICR.D_p2,307.1585022
47,Sample_S19S_0016_Sed_Field_ICR.D_p2,307.1915179
1,Sample_S19S_0016_Sed_Field_ICR.D_p2,308.0736409
11,Sample_S19S_0016_Sed_Field_ICR.D_p2,308.098784
14,Sample_S19S_0016_Sed_Field_ICR.D_p2,308.1351748
21,Sample_S19S_0016_Sed_Field_ICR.D_p2,308.1715544
6,Sample_S19S_0016_Sed_Field_ICR.D_p2,308.2079497
48,Sample_S19S_0016_Sed_Field_ICR.D_p2,309.0616036
67,Sample_S19S_0016_Sed_Field_ICR.D_p2,309.0979773
10,Sample_S19S_0016_Sed_Field_ICR.D_p2,309.1013433
80,Sample_S19S_0016_Sed_Field_ICR.D_p2,309.1343649
69,Sample_S19S_0016_Sed_Field_ICR.D_p2,309.1707647
3,Sample_S19S_0016_Sed_Field_ICR.D_p2,309.1741269
28,Sample_S19S_0016_Sed_Field_ICR.D_p2,309.2071806
8,Sample_S19S_0016_Sed_Field_ICR.D_p2,310.1144501
22,Sample_S19S_0016_Sed_Field_ICR.D_p2,310.1508222
43,Sample_S19S_0016_Sed_Field_ICR.D_p2,311.0772659
4,Sample_S19S_0016_Sed_Field_ICR.D_p2,311.1031558
102,Sample_S19S_0016_Sed_Field_ICR.D_p2,311.1136352
94,Sample_S19S_0016_Sed_Field_ICR.D_p2,311.1500195
2,Sample_S19S_0016_Sed_Field_ICR.D_p2,311.1686157
66,Sample_S19S_0016_Sed_Field_ICR.D_p2,311.186419
23,Sample_S19S_0016_Sed_Field_ICR.D_p2,311.2228309
1,Sample_S19S_0016_Sed_Field_ICR.D_p2,312.9846454
51,Sample_S19S_0016_Sed_Field_ICR.D_p2,313.0929245
73,Sample_S19S_0016_Sed_Field_ICR.D_p2,313.1293014
75,Sample_S19S_0016_Sed_Field_ICR.D_p2,313.1656688
52,Sample_S19S_0016_Sed_Field_ICR.D_p2,313.2020808
31,Sample_S19S_0016_Sed_Field_ICR.D_p2,313.2384778
39,Sample_S19S_0016_Sed_Field_ICR.D_p2,314.1245573
36,Sample_S19S_0016_Sed_Field_ICR.D_p2,314.1609464
10,Sample_S19S_0016_Sed_Field_ICR.D_p2,314.1721852
17,Sample_S19S_0016_Sed_Field_ICR.D_p2,314.1973467
1,Sample_S19S_0016_Sed_Field_ICR.D_p2,315.0180328
3,Sample_S19S_0016_Sed_Field_ICR.D_p2,315.0616891
38,Sample_S19S_0016_Sed_Field_ICR.D_p2,315.0721791
65,Sample_S19S_0016_Sed_Field_ICR.D_p2,315.1085755
16,Sample_S19S_0016_Sed_Field_ICR.D_p2,315.1198013
65,Sample_S19S_0016_Sed_Field_ICR.D_p2,315.1449559
63,Sample_S19S_0016_Sed_Field_ICR.D_p2,315.1813307
9,Sample_S19S_0016_Sed_Field_ICR.D_p2,315.1966265
54,Sample_S19S_0016_Sed_Field_ICR.D_p2,315.217727
6,Sample_S19S_0016_Sed_Field_ICR.D_p2,315.2290147
17,Sample_S19S_0016_Sed_Field_ICR.D_p2,315.2541325
32,Sample_S19S_0016_Sed_Field_ICR.D_p2,316.1038062
38,Sample_S19S_0016_Sed_Field_ICR.D_p2,316.1402237
14,Sample_S19S_0016_Sed_Field_ICR.D_p2,316.1514197
26,Sample_S19S_0016_Sed_Field_ICR.D_p2,316.1766274
14,Sample_S19S_0016_Sed_Field_ICR.D_p2,316.2130272
3,Sample_S19S_0016_Sed_Field_ICR.D_p2,317.0773041
75,Sample_S19S_0016_Sed_Field_ICR.D_p2,317.0878157
58,Sample_S19S_0016_Sed_Field_ICR.D_p2,317.124227
42,Sample_S19S_0016_Sed_Field_ICR.D_p2,317.1394552
63,Sample_S19S_0016_Sed_Field_ICR.D_p2,317.1606071
29,Sample_S19S_0016_Sed_Field_ICR.D_p2,317.1758589
50,Sample_S19S_0016_Sed_Field_ICR.D_p2,317.1969836
18,Sample_S19S_0016_Sed_Field_ICR.D_p2,317.2122753
39,Sample_S19S_0016_Sed_Field_ICR.D_p2,317.2333758
2,Sample_S19S_0016_Sed_Field_ICR.D_p2,317.2446454
19,Sample_S19S_0016_Sed_Field_ICR.D_p2,318.0831173
38,Sample_S19S_0016_Sed_Field_ICR.D_p2,318.1194966
12,Sample_S19S_0016_Sed_Field_ICR.D_p2,318.1306963
32,Sample_S19S_0016_Sed_Field_ICR.D_p2,318.1558543
14,Sample_S19S_0016_Sed_Field_ICR.D_p2,318.2286611
33,Sample_S19S_0016_Sed_Field_ICR.D_p2,319.103481
50,Sample_S19S_0016_Sed_Field_ICR.D_p2,319.139868
50,Sample_S19S_0016_Sed_Field_ICR.D_p2,319.1551015
49,Sample_S19S_0016_Sed_Field_ICR.D_p2,319.1762558
41,Sample_S19S_0016_Sed_Field_ICR.D_p2,319.1915149
24,Sample_S19S_0016_Sed_Field_ICR.D_p2,320.0987676
36,Sample_S19S_0016_Sed_Field_ICR.D_p2,320.1351354
28,Sample_S19S_0016_Sed_Field_ICR.D_p2,320.1715427
7,Sample_S19S_0016_Sed_Field_ICR.D_p2,320.2079616
5,Sample_S19S_0016_Sed_Field_ICR.D_p2,320.2442999
26,Sample_S19S_0016_Sed_Field_ICR.D_p2,321.1191648
47,Sample_S19S_0016_Sed_Field_ICR.D_p2,321.1343949
6,Sample_S19S_0016_Sed_Field_ICR.D_p2,321.1377596
49,Sample_S19S_0016_Sed_Field_ICR.D_p2,321.1707672
40,Sample_S19S_0016_Sed_Field_ICR.D_p2,321.2071667
16,Sample_S19S_0016_Sed_Field_ICR.D_p2,321.2201744
13,Sample_S19S_0016_Sed_Field_ICR.D_p2,322.0780206
23,Sample_S19S_0016_Sed_Field_ICR.D_p2,322.1144282
4,Sample_S19S_0016_Sed_Field_ICR.D_p2,322.1508517
9,Sample_S19S_0016_Sed_Field_ICR.D_p2,322.1872255
22,Sample_S19S_0016_Sed_Field_ICR.D_p2,323.0408542
3,Sample_S19S_0016_Sed_Field_ICR.D_p2,323.1096996
34,Sample_S19S_0016_Sed_Field_ICR.D_p2,323.1136726
68,Sample_S19S_0016_Sed_Field_ICR.D_p2,323.1864241
23,Sample_S19S_0016_Sed_Field_ICR.D_p2,323.2228388
14,Sample_S19S_0016_Sed_Field_ICR.D_p2,324.0936719
12,Sample_S19S_0016_Sed_Field_ICR.D_p2,324.1218475
18,Sample_S19S_0016_Sed_Field_ICR.D_p2,324.1300834
27,Sample_S19S_0016_Sed_Field_ICR.D_p2,324.1664479
14,Sample_S19S_0016_Sed_Field_ICR.D_p2,324.2028461
33,Sample_S19S_0016_Sed_Field_ICR.D_p2,325.0565425
3,Sample_S19S_0016_Sed_Field_ICR.D_p2,325.0905223
70,Sample_S19S_0016_Sed_Field_ICR.D_p2,325.0928926
71,Sample_S19S_0016_Sed_Field_ICR.D_p2,325.1292996
59,Sample_S19S_0016_Sed_Field_ICR.D_p2,325.1657004
2,Sample_S19S_0016_Sed_Field_ICR.D_p2,325.1842438
71,Sample_S19S_0016_Sed_Field_ICR.D_p2,325.2020573
27,Sample_S19S_0016_Sed_Field_ICR.D_p2,325.2384393
12,Sample_S19S_0016_Sed_Field_ICR.D_p2,326.1093486
37,Sample_S19S_0016_Sed_Field_ICR.D_p2,326.1245662
22,Sample_S19S_0016_Sed_Field_ICR.D_p2,326.1457187
20,Sample_S19S_0016_Sed_Field_ICR.D_p2,326.160977
37,Sample_S19S_0016_Sed_Field_ICR.D_p2,327.0722018
6,Sample_S19S_0016_Sed_Field_ICR.D_p2,327.0980831
57,Sample_S19S_0016_Sed_Field_ICR.D_p2,327.1085831
75,Sample_S19S_0016_Sed_Field_ICR.D_p2,327.1449492
70,Sample_S19S_0016_Sed_Field_ICR.D_p2,327.1813344
13,Sample_S19S_0016_Sed_Field_ICR.D_p2,327.2177565
33,Sample_S19S_0016_Sed_Field_ICR.D_p2,327.2540983
10,Sample_S19S_0016_Sed_Field_ICR.D_p2,328.1167606
33,Sample_S19S_0016_Sed_Field_ICR.D_p2,328.140231
23,Sample_S19S_0016_Sed_Field_ICR.D_p2,328.1766323
29,Sample_S19S_0016_Sed_Field_ICR.D_p2,328.2129777
17,Sample_S19S_0016_Sed_Field_ICR.D_p2,329.0514722
3,Sample_S19S_0016_Sed_Field_ICR.D_p2,329.0773269
71,Sample_S19S_0016_Sed_Field_ICR.D_p2,329.0878075
66,Sample_S19S_0016_Sed_Field_ICR.D_p2,329.1242163
2,Sample_S19S_0016_Sed_Field_ICR.D_p2,329.152419
24,Sample_S19S_0016_Sed_Field_ICR.D_p2,329.1758446
59,Sample_S19S_0016_Sed_Field_ICR.D_p2,329.1969687
33,Sample_S19S_0016_Sed_Field_ICR.D_p2,329.2333488
43,Sample_S19S_0016_Sed_Field_ICR.D_p2,330.1194763
9,Sample_S19S_0016_Sed_Field_ICR.D_p2,330.1307217
14,Sample_S19S_0016_Sed_Field_ICR.D_p2,330.1670892
24,Sample_S19S_0016_Sed_Field_ICR.D_p2,330.192266
4,Sample_S19S_0016_Sed_Field_ICR.D_p2,330.2034832
44,Sample_S19S_0016_Sed_Field_ICR.D_p2,331.0670688
2,Sample_S19S_0016_Sed_Field_ICR.D_p2,331.0929725
45,Sample_S19S_0016_Sed_Field_ICR.D_p2,331.1034998
28,Sample_S19S_0016_Sed_Field_ICR.D_p2,331.1399002
67,Sample_S19S_0016_Sed_Field_ICR.D_p2,331.1762541
15,Sample_S19S_0016_Sed_Field_ICR.D_p2,331.1915481
13,Sample_S19S_0016_Sed_Field_ICR.D_p2,331.2126721
4,Sample_S19S_0016_Sed_Field_ICR.D_p2,331.2239268
5,Sample_S19S_0016_Sed_Field_ICR.D_p2,331.2490738
28,Sample_S19S_0016_Sed_Field_ICR.D_p2,332.0987468
34,Sample_S19S_0016_Sed_Field_ICR.D_p2,332.1351167
10,Sample_S19S_0016_Sed_Field_ICR.D_p2,332.2079509
31,Sample_S19S_0016_Sed_Field_ICR.D_p2,333.08277
14,Sample_S19S_0016_Sed_Field_ICR.D_p2,333.1191757
22,Sample_S19S_0016_Sed_Field_ICR.D_p2,333.1344131
7,Sample_S19S_0016_Sed_Field_ICR.D_p2,333.1553813
1,Sample_S19S_0016_Sed_Field_ICR.D_p2,333.1563644
55,Sample_S19S_0016_Sed_Field_ICR.D_p2,333.1919042
33,Sample_S19S_0016_Sed_Field_ICR.D_p2,333.2071238
3,Sample_S19S_0016_Sed_Field_ICR.D_p2,333.2395661
15,Sample_S19S_0016_Sed_Field_ICR.D_p2,334.0780188
30,Sample_S19S_0016_Sed_Field_ICR.D_p2,334.1144217
16,Sample_S19S_0016_Sed_Field_ICR.D_p2,334.1508295
30,Sample_S19S_0016_Sed_Field_ICR.D_p2,334.187185
11,Sample_S19S_0016_Sed_Field_ICR.D_p2,334.2235949
5,Sample_S19S_0016_Sed_Field_ICR.D_p2,335.103173
30,Sample_S19S_0016_Sed_Field_ICR.D_p2,335.1136067
51,Sample_S19S_0016_Sed_Field_ICR.D_p2,335.1347505
38,Sample_S19S_0016_Sed_Field_ICR.D_p2,335.2227808
16,Sample_S19S_0016_Sed_Field_ICR.D_p2,335.2358032
1,Sample_S19S_0016_Sed_Field_ICR.D_p2,336.0287832
5,Sample_S19S_0016_Sed_Field_ICR.D_p2,336.0937181
8,Sample_S19S_0016_Sed_Field_ICR.D_p2,336.1301036
26,Sample_S19S_0016_Sed_Field_ICR.D_p2,336.1664659
15,Sample_S19S_0016_Sed_Field_ICR.D_p2,336.2028546
19,Sample_S19S_0016_Sed_Field_ICR.D_p2,337.0695448
79,Sample_S19S_0016_Sed_Field_ICR.D_p2,337.1292866
14,Sample_S19S_0016_Sed_Field_ICR.D_p2,337.1616901
58,Sample_S19S_0016_Sed_Field_ICR.D_p2,337.1656867
11,Sample_S19S_0016_Sed_Field_ICR.D_p2,337.2021218
39,Sample_S19S_0016_Sed_Field_ICR.D_p2,337.238454
10,Sample_S19S_0016_Sed_Field_ICR.D_p2,338.1093609
26,Sample_S19S_0016_Sed_Field_ICR.D_p2,338.1245766
21,Sample_S19S_0016_Sed_Field_ICR.D_p2,338.1456998
19,Sample_S19S_0016_Sed_Field_ICR.D_p2,338.182098
43,Sample_S19S_0016_Sed_Field_ICR.D_p2,338.1973113
85,Sample_S19S_0016_Sed_Field_ICR.D_p2,339.1085453
25,Sample_S19S_0016_Sed_Field_ICR.D_p2,339.1449816
59,Sample_S19S_0016_Sed_Field_ICR.D_p2,339.1813533
2,Sample_S19S_0016_Sed_Field_ICR.D_p2,339.1999929
37,Sample_S19S_0016_Sed_Field_ICR.D_p2,339.2177427
11,Sample_S19S_0016_Sed_Field_ICR.D_p2,339.2541495
18,Sample_S19S_0016_Sed_Field_ICR.D_p2,340.1249861
7,Sample_S19S_0016_Sed_Field_ICR.D_p2,340.1613194
9,Sample_S19S_0016_Sed_Field_ICR.D_p2,340.1977365
68,Sample_S19S_0016_Sed_Field_ICR.D_p2,341.0878109
29,Sample_S19S_0016_Sed_Field_ICR.D_p2,341.100854
29,Sample_S19S_0016_Sed_Field_ICR.D_p2,341.12425
2,Sample_S19S_0016_Sed_Field_ICR.D_p2,341.1501405
62,Sample_S19S_0016_Sed_Field_ICR.D_p2,341.1606173
71,Sample_S19S_0016_Sed_Field_ICR.D_p2,341.1969848
9,Sample_S19S_0016_Sed_Field_ICR.D_p2,341.2334189
10,Sample_S19S_0016_Sed_Field_ICR.D_p2,342.0960955
6,Sample_S19S_0016_Sed_Field_ICR.D_p2,342.1405819
46,Sample_S19S_0016_Sed_Field_ICR.D_p2,342.155837
11,Sample_S19S_0016_Sed_Field_ICR.D_p2,342.1670651
1,Sample_S19S_0016_Sed_Field_ICR.D_p2,342.9731576
30,Sample_S19S_0016_Sed_Field_ICR.D_p2,343.067113
3,Sample_S19S_0016_Sed_Field_ICR.D_p2,343.0929773
77,Sample_S19S_0016_Sed_Field_ICR.D_p2,343.1034685
21,Sample_S19S_0016_Sed_Field_ICR.D_p2,343.1399075
60,Sample_S19S_0016_Sed_Field_ICR.D_p2,343.1762631
54,Sample_S19S_0016_Sed_Field_ICR.D_p2,343.2126496
18,Sample_S19S_0016_Sed_Field_ICR.D_p2,343.2278942
22,Sample_S19S_0016_Sed_Field_ICR.D_p2,343.2490426
1,Sample_S19S_0016_Sed_Field_ICR.D_p2,343.980543
6,Sample_S19S_0016_Sed_Field_ICR.D_p2,344.1350437
30,Sample_S19S_0016_Sed_Field_ICR.D_p2,344.1715382
11,Sample_S19S_0016_Sed_Field_ICR.D_p2,344.1827031
6,Sample_S19S_0016_Sed_Field_ICR.D_p2,344.1997897
10,Sample_S19S_0016_Sed_Field_ICR.D_p2,344.2442459
34,Sample_S19S_0016_Sed_Field_ICR.D_p2,345.0827674
1,Sample_S19S_0016_Sed_Field_ICR.D_p2,345.1086101
55,Sample_S19S_0016_Sed_Field_ICR.D_p2,345.1191373
41,Sample_S19S_0016_Sed_Field_ICR.D_p2,345.1555412
25,Sample_S19S_0016_Sed_Field_ICR.D_p2,345.170772
12,Sample_S19S_0016_Sed_Field_ICR.D_p2,345.1919508
12,Sample_S19S_0016_Sed_Field_ICR.D_p2,345.2071936
42,Sample_S19S_0016_Sed_Field_ICR.D_p2,345.2282779
37,Sample_S19S_0016_Sed_Field_ICR.D_p2,346.1143644
34,Sample_S19S_0016_Sed_Field_ICR.D_p2,346.1507606
5,Sample_S19S_0016_Sed_Field_ICR.D_p2,346.1619628
29,Sample_S19S_0016_Sed_Field_ICR.D_p2,346.1871921
8,Sample_S19S_0016_Sed_Field_ICR.D_p2,346.2154294
2,Sample_S19S_0016_Sed_Field_ICR.D_p2,347.0513614
21,Sample_S19S_0016_Sed_Field_ICR.D_p2,347.0903002
55,Sample_S19S_0016_Sed_Field_ICR.D_p2,347.0983726
9,Sample_S19S_0016_Sed_Field_ICR.D_p2,347.1170036
32,Sample_S19S_0016_Sed_Field_ICR.D_p2,347.1348045
43,Sample_S19S_0016_Sed_Field_ICR.D_p2,347.1711801
9,Sample_S19S_0016_Sed_Field_ICR.D_p2,347.1864695
47,Sample_S19S_0016_Sed_Field_ICR.D_p2,347.2075497
34,Sample_S19S_0016_Sed_Field_ICR.D_p2,347.2228007
29,Sample_S19S_0016_Sed_Field_ICR.D_p2,348.1300774
36,Sample_S19S_0016_Sed_Field_ICR.D_p2,348.1664038
21,Sample_S19S_0016_Sed_Field_ICR.D_p2,348.2028318
7,Sample_S19S_0016_Sed_Field_ICR.D_p2,348.231087
2,Sample_S19S_0016_Sed_Field_ICR.D_p2,349.0551349
20,Sample_S19S_0016_Sed_Field_ICR.D_p2,349.1059291
46,Sample_S19S_0016_Sed_Field_ICR.D_p2,349.129303
23,Sample_S19S_0016_Sed_Field_ICR.D_p2,349.1504562
18,Sample_S19S_0016_Sed_Field_ICR.D_p2,349.2021049
37,Sample_S19S_0016_Sed_Field_ICR.D_p2,350.1457077
21,Sample_S19S_0016_Sed_Field_ICR.D_p2,350.1821173
15,Sample_S19S_0016_Sed_Field_ICR.D_p2,350.2184616
1,Sample_S19S_0016_Sed_Field_ICR.D_p2,351.0521169
33,Sample_S19S_0016_Sed_Field_ICR.D_p2,351.121581
5,Sample_S19S_0016_Sed_Field_ICR.D_p2,351.1344703
62,Sample_S19S_0016_Sed_Field_ICR.D_p2,351.1813076
41,Sample_S19S_0016_Sed_Field_ICR.D_p2,351.2177372
17,Sample_S19S_0016_Sed_Field_ICR.D_p2,351.2307319
3,Sample_S19S_0016_Sed_Field_ICR.D_p2,351.2500934
9,Sample_S19S_0016_Sed_Field_ICR.D_p2,352.0804483
6,Sample_S19S_0016_Sed_Field_ICR.D_p2,352.0885619
28,Sample_S19S_0016_Sed_Field_ICR.D_p2,352.1613622
4,Sample_S19S_0016_Sed_Field_ICR.D_p2,352.1978012
15,Sample_S19S_0016_Sed_Field_ICR.D_p2,353.0514753
56,Sample_S19S_0016_Sed_Field_ICR.D_p2,353.0878166
20,Sample_S19S_0016_Sed_Field_ICR.D_p2,353.1008561
1,Sample_S19S_0016_Sed_Field_ICR.D_p2,353.1216875
56,Sample_S19S_0016_Sed_Field_ICR.D_p2,353.124233
54,Sample_S19S_0016_Sed_Field_ICR.D_p2,353.1605629
25,Sample_S19S_0016_Sed_Field_ICR.D_p2,353.1736275
52,Sample_S19S_0016_Sed_Field_ICR.D_p2,353.1970034
21,Sample_S19S_0016_Sed_Field_ICR.D_p2,353.2099396
23,Sample_S19S_0016_Sed_Field_ICR.D_p2,353.2333297
6,Sample_S19S_0016_Sed_Field_ICR.D_p2,354.0597228
7,Sample_S19S_0016_Sed_Field_ICR.D_p2,354.09608
31,Sample_S19S_0016_Sed_Field_ICR.D_p2,354.1194893
20,Sample_S19S_0016_Sed_Field_ICR.D_p2,354.1406185
9,Sample_S19S_0016_Sed_Field_ICR.D_p2,354.1922902
30,Sample_S19S_0016_Sed_Field_ICR.D_p2,355.0671162
66,Sample_S19S_0016_Sed_Field_ICR.D_p2,355.1034699
30,Sample_S19S_0016_Sed_Field_ICR.D_p2,355.1164999
1,Sample_S19S_0016_Sed_Field_ICR.D_p2,355.1294217
18,Sample_S19S_0016_Sed_Field_ICR.D_p2,355.1399086
74,Sample_S19S_0016_Sed_Field_ICR.D_p2,355.1762476
21,Sample_S19S_0016_Sed_Field_ICR.D_p2,355.1892674
19,Sample_S19S_0016_Sed_Field_ICR.D_p2,355.2126797
19,Sample_S19S_0016_Sed_Field_ICR.D_p2,355.2489795
39,Sample_S19S_0016_Sed_Field_ICR.D_p2,356.1350838
5,Sample_S19S_0016_Sed_Field_ICR.D_p2,356.1562442
44,Sample_S19S_0016_Sed_Field_ICR.D_p2,356.1715182
32,Sample_S19S_0016_Sed_Field_ICR.D_p2,356.207852
3,Sample_S19S_0016_Sed_Field_ICR.D_p2,357.0721966
54,Sample_S19S_0016_Sed_Field_ICR.D_p2,357.0827228
3,Sample_S19S_0016_Sed_Field_ICR.D_p2,357.1085992
19,Sample_S19S_0016_Sed_Field_ICR.D_p2,357.1110353
83,Sample_S19S_0016_Sed_Field_ICR.D_p2,357.1191097
1,Sample_S19S_0016_Sed_Field_ICR.D_p2,357.1450925
79,Sample_S19S_0016_Sed_Field_ICR.D_p2,357.1554992
23,Sample_S19S_0016_Sed_Field_ICR.D_p2,357.1684932
73,Sample_S19S_0016_Sed_Field_ICR.D_p2,357.191896
14,Sample_S19S_0016_Sed_Field_ICR.D_p2,357.2071705
55,Sample_S19S_0016_Sed_Field_ICR.D_p2,357.2282738
28,Sample_S19S_0016_Sed_Field_ICR.D_p2,357.2646796
26,Sample_S19S_0016_Sed_Field_ICR.D_p2,358.1507103
27,Sample_S19S_0016_Sed_Field_ICR.D_p2,358.1871972
10,Sample_S19S_0016_Sed_Field_ICR.D_p2,358.1983945
32,Sample_S19S_0016_Sed_Field_ICR.D_p2,358.2235211
1,Sample_S19S_0016_Sed_Field_ICR.D_p2,359.0513679
2,Sample_S19S_0016_Sed_Field_ICR.D_p2,359.0879376
23,Sample_S19S_0016_Sed_Field_ICR.D_p2,359.0984239
60,Sample_S19S_0016_Sed_Field_ICR.D_p2,359.1347452
2,Sample_S19S_0016_Sed_Field_ICR.D_p2,359.1420718
40,Sample_S19S_0016_Sed_Field_ICR.D_p2,359.1500213
7,Sample_S19S_0016_Sed_Field_ICR.D_p2,359.1572531
56,Sample_S19S_0016_Sed_Field_ICR.D_p2,359.1711775
27,Sample_S19S_0016_Sed_Field_ICR.D_p2,359.2074846
25,Sample_S19S_0016_Sed_Field_ICR.D_p2,359.2227778
43,Sample_S19S_0016_Sed_Field_ICR.D_p2,359.2439319
23,Sample_S19S_0016_Sed_Field_ICR.D_p2,360.093678
4,Sample_S19S_0016_Sed_Field_ICR.D_p2,360.1299489
37,Sample_S19S_0016_Sed_Field_ICR.D_p2,360.1664452
10,Sample_S19S_0016_Sed_Field_ICR.D_p2,360.1776328
6,Sample_S19S_0016_Sed_Field_ICR.D_p2,360.1946802
14,Sample_S19S_0016_Sed_Field_ICR.D_p2,360.2027516
8,Sample_S19S_0016_Sed_Field_ICR.D_p2,360.2674679
2,Sample_S19S_0016_Sed_Field_ICR.D_p2,361.0670475
1,Sample_S19S_0016_Sed_Field_ICR.D_p2,361.1034692
44,Sample_S19S_0016_Sed_Field_ICR.D_p2,361.1140532
36,Sample_S19S_0016_Sed_Field_ICR.D_p2,361.1423317
64,Sample_S19S_0016_Sed_Field_ICR.D_p2,361.1504109
34,Sample_S19S_0016_Sed_Field_ICR.D_p2,361.1657046
45,Sample_S19S_0016_Sed_Field_ICR.D_p2,361.186829
34,Sample_S19S_0016_Sed_Field_ICR.D_p2,361.2020508
13,Sample_S19S_0016_Sed_Field_ICR.D_p2,361.2151155
46,Sample_S19S_0016_Sed_Field_ICR.D_p2,361.2231964
12,Sample_S19S_0016_Sed_Field_ICR.D_p2,361.2384924
21,Sample_S19S_0016_Sed_Field_ICR.D_p2,362.1093336
26,Sample_S19S_0016_Sed_Field_ICR.D_p2,362.1821174
9,Sample_S19S_0016_Sed_Field_ICR.D_p2,362.246738
28,Sample_S19S_0016_Sed_Field_ICR.D_p2,363.1215932
25,Sample_S19S_0016_Sed_Field_ICR.D_p2,363.1660194
35,Sample_S19S_0016_Sed_Field_ICR.D_p2,363.1812892
26,Sample_S19S_0016_Sed_Field_ICR.D_p2,363.1943423
45,Sample_S19S_0016_Sed_Field_ICR.D_p2,363.2177281
6,Sample_S19S_0016_Sed_Field_ICR.D_p2,363.2670624
7,Sample_S19S_0016_Sed_Field_ICR.D_p2,364.0885367
27,Sample_S19S_0016_Sed_Field_ICR.D_p2,364.1613157
12,Sample_S19S_0016_Sed_Field_ICR.D_p2,364.2259804
10,Sample_S19S_0016_Sed_Field_ICR.D_p2,364.2340853
34,Sample_S19S_0016_Sed_Field_ICR.D_p2,365.0878382
28,Sample_S19S_0016_Sed_Field_ICR.D_p2,365.1008669
38,Sample_S19S_0016_Sed_Field_ICR.D_p2,365.1241727
32,Sample_S19S_0016_Sed_Field_ICR.D_p2,365.137244
17,Sample_S19S_0016_Sed_Field_ICR.D_p2,365.1606438
55,Sample_S19S_0016_Sed_Field_ICR.D_p2,365.1969623
31,Sample_S19S_0016_Sed_Field_ICR.D_p2,365.2100088
24,Sample_S19S_0016_Sed_Field_ICR.D_p2,365.2334124
1,Sample_S19S_0016_Sed_Field_ICR.D_p2,365.2657119
12,Sample_S19S_0016_Sed_Field_ICR.D_p2,366.0960948
11,Sample_S19S_0016_Sed_Field_ICR.D_p2,366.1325089
18,Sample_S19S_0016_Sed_Field_ICR.D_p2,366.1769935
31,Sample_S19S_0016_Sed_Field_ICR.D_p2,367.0671094
18,Sample_S19S_0016_Sed_Field_ICR.D_p2,367.0801169
70,Sample_S19S_0016_Sed_Field_ICR.D_p2,367.1034613
20,Sample_S19S_0016_Sed_Field_ICR.D_p2,367.1165264
5,Sample_S19S_0016_Sed_Field_ICR.D_p2,367.1399195
56,Sample_S19S_0016_Sed_Field_ICR.D_p2,367.1762158
29,Sample_S19S_0016_Sed_Field_ICR.D_p2,367.189277
4,Sample_S19S_0016_Sed_Field_ICR.D_p2,367.1914432
12,Sample_S19S_0016_Sed_Field_ICR.D_p2,367.1973448
53,Sample_S19S_0016_Sed_Field_ICR.D_p2,367.2126519
5,Sample_S19S_0016_Sed_Field_ICR.D_p2,367.2255178
15,Sample_S19S_0016_Sed_Field_ICR.D_p2,367.2489513
10,Sample_S19S_0016_Sed_Field_ICR.D_p2,368.1117355
9,Sample_S19S_0016_Sed_Field_ICR.D_p2,368.1562607
49,Sample_S19S_0016_Sed_Field_ICR.D_p2,368.1714856
1,Sample_S19S_0016_Sed_Field_ICR.D_p2,368.9766214
9,Sample_S19S_0016_Sed_Field_ICR.D_p2,369.061629
37,Sample_S19S_0016_Sed_Field_ICR.D_p2,369.0827443
21,Sample_S19S_0016_Sed_Field_ICR.D_p2,369.0957223
16,Sample_S19S_0016_Sed_Field_ICR.D_p2,369.1190631
29,Sample_S19S_0016_Sed_Field_ICR.D_p2,369.1321274
70,Sample_S19S_0016_Sed_Field_ICR.D_p2,369.1555194
31,Sample_S19S_0016_Sed_Field_ICR.D_p2,369.1685393
16,Sample_S19S_0016_Sed_Field_ICR.D_p2,369.1837969
32,Sample_S19S_0016_Sed_Field_ICR.D_p2,369.1918398
59,Sample_S19S_0016_Sed_Field_ICR.D_p2,369.2282876
4,Sample_S19S_0016_Sed_Field_ICR.D_p2,369.2645524
5,Sample_S19S_0016_Sed_Field_ICR.D_p2,370.0910244
44,Sample_S19S_0016_Sed_Field_ICR.D_p2,370.1507341
1,Sample_S19S_0016_Sed_Field_ICR.D_p2,370.2882172
3,Sample_S19S_0016_Sed_Field_ICR.D_p2,371.0878472
28,Sample_S19S_0016_Sed_Field_ICR.D_p2,371.0983408
3,Sample_S19S_0016_Sed_Field_ICR.D_p2,371.1243249
51,Sample_S19S_0016_Sed_Field_ICR.D_p2,371.1347918
65,Sample_S19S_0016_Sed_Field_ICR.D_p2,371.171134
44,Sample_S19S_0016_Sed_Field_ICR.D_p2,371.2075705
43,Sample_S19S_0016_Sed_Field_ICR.D_p2,371.2439257
14,Sample_S19S_0016_Sed_Field_ICR.D_p2,371.2803337
2,Sample_S19S_0016_Sed_Field_ICR.D_p2,372.1066857
46,Sample_S19S_0016_Sed_Field_ICR.D_p2,372.1300076
4,Sample_S19S_0016_Sed_Field_ICR.D_p2,372.1411992
44,Sample_S19S_0016_Sed_Field_ICR.D_p2,372.1663973
24,Sample_S19S_0016_Sed_Field_ICR.D_p2,372.2028242
12,Sample_S19S_0016_Sed_Field_ICR.D_p2,372.2140099
5,Sample_S19S_0016_Sed_Field_ICR.D_p2,372.3038234
15,Sample_S19S_0016_Sed_Field_ICR.D_p2,373.0776886
21,Sample_S19S_0016_Sed_Field_ICR.D_p2,373.1059583
48,Sample_S19S_0016_Sed_Field_ICR.D_p2,373.1140108
1,Sample_S19S_0016_Sed_Field_ICR.D_p2,373.1338584
2,Sample_S19S_0016_Sed_Field_ICR.D_p2,373.1399865
22,Sample_S19S_0016_Sed_Field_ICR.D_p2,373.1504711
9,Sample_S19S_0016_Sed_Field_ICR.D_p2,373.1729074
51,Sample_S19S_0016_Sed_Field_ICR.D_p2,373.1867821
29,Sample_S19S_0016_Sed_Field_ICR.D_p2,373.2020495
53,Sample_S19S_0016_Sed_Field_ICR.D_p2,373.2231881
17,Sample_S19S_0016_Sed_Field_ICR.D_p2,373.2595428
2,Sample_S19S_0016_Sed_Field_ICR.D_p2,373.262692
8,Sample_S19S_0016_Sed_Field_ICR.D_p2,373.287836
1,Sample_S19S_0016_Sed_Field_ICR.D_p2,374.1053424
43,Sample_S19S_0016_Sed_Field_ICR.D_p2,374.1456527
24,Sample_S19S_0016_Sed_Field_ICR.D_p2,374.1820296
25,Sample_S19S_0016_Sed_Field_ICR.D_p2,374.2184652
9,Sample_S19S_0016_Sed_Field_ICR.D_p2,374.2467103
3,Sample_S19S_0016_Sed_Field_ICR.D_p2,375.082693
16,Sample_S19S_0016_Sed_Field_ICR.D_p2,375.0852221
27,Sample_S19S_0016_Sed_Field_ICR.D_p2,375.0932745
3,Sample_S19S_0016_Sed_Field_ICR.D_p2,375.1191531
38,Sample_S19S_0016_Sed_Field_ICR.D_p2,375.1297066
51,Sample_S19S_0016_Sed_Field_ICR.D_p2,375.1449442
33,Sample_S19S_0016_Sed_Field_ICR.D_p2,375.1579842
29,Sample_S19S_0016_Sed_Field_ICR.D_p2,375.1660121
4,Sample_S19S_0016_Sed_Field_ICR.D_p2,375.1708025
38,Sample_S19S_0016_Sed_Field_ICR.D_p2,375.194367
43,Sample_S19S_0016_Sed_Field_ICR.D_p2,375.2024285
33,Sample_S19S_0016_Sed_Field_ICR.D_p2,375.2177037
14,Sample_S19S_0016_Sed_Field_ICR.D_p2,375.230771
20,Sample_S19S_0016_Sed_Field_ICR.D_p2,375.2387855
24,Sample_S19S_0016_Sed_Field_ICR.D_p2,376.1249335
6,Sample_S19S_0016_Sed_Field_ICR.D_p2,376.1895594
24,Sample_S19S_0016_Sed_Field_ICR.D_p2,376.1976905
2,Sample_S19S_0016_Sed_Field_ICR.D_p2,376.2526581
17,Sample_S19S_0016_Sed_Field_ICR.D_p2,377.100823
55,Sample_S19S_0016_Sed_Field_ICR.D_p2,377.1241915
26,Sample_S19S_0016_Sed_Field_ICR.D_p2,377.1372608
34,Sample_S19S_0016_Sed_Field_ICR.D_p2,377.1453086
42,Sample_S19S_0016_Sed_Field_ICR.D_p2,377.1606102
39,Sample_S19S_0016_Sed_Field_ICR.D_p2,377.1735945
25,Sample_S19S_0016_Sed_Field_ICR.D_p2,377.1969233
3,Sample_S19S_0016_Sed_Field_ICR.D_p2,377.2002574
23,Sample_S19S_0016_Sed_Field_ICR.D_p2,377.2099902
1,Sample_S19S_0016_Sed_Field_ICR.D_p2,377.2211816
41,Sample_S19S_0016_Sed_Field_ICR.D_p2,377.2333521
16,Sample_S19S_0016_Sed_Field_ICR.D_p2,377.2463996
2,Sample_S19S_0016_Sed_Field_ICR.D_p2,378.1227642
14,Sample_S19S_0016_Sed_Field_ICR.D_p2,378.1324144
7,Sample_S19S_0016_Sed_Field_ICR.D_p2,378.2052199
11,Sample_S19S_0016_Sed_Field_ICR.D_p2,378.2416575
13,Sample_S19S_0016_Sed_Field_ICR.D_p2,379.0800689
25,Sample_S19S_0016_Sed_Field_ICR.D_p2,379.1165229
72,Sample_S19S_0016_Sed_Field_ICR.D_p2,379.1398402
36,Sample_S19S_0016_Sed_Field_ICR.D_p2,379.1528588
70,Sample_S19S_0016_Sed_Field_ICR.D_p2,379.1762343
41,Sample_S19S_0016_Sed_Field_ICR.D_p2,379.1892722
36,Sample_S19S_0016_Sed_Field_ICR.D_p2,379.2126518
28,Sample_S19S_0016_Sed_Field_ICR.D_p2,379.2256462
18,Sample_S19S_0016_Sed_Field_ICR.D_p2,379.2620178
11,Sample_S19S_0016_Sed_Field_ICR.D_p2,380.1116712
17,Sample_S19S_0016_Sed_Field_ICR.D_p2,380.148094
13,Sample_S19S_0016_Sed_Field_ICR.D_p2,380.184512
28,Sample_S19S_0016_Sed_Field_ICR.D_p2,380.2078457
7,Sample_S19S_0016_Sed_Field_ICR.D_p2,380.2208704
12,Sample_S19S_0016_Sed_Field_ICR.D_p2,381.0826619
16,Sample_S19S_0016_Sed_Field_ICR.D_p2,381.095685
68,Sample_S19S_0016_Sed_Field_ICR.D_p2,381.1191186
28,Sample_S19S_0016_Sed_Field_ICR.D_p2,381.1321708
76,Sample_S19S_0016_Sed_Field_ICR.D_p2,381.1555031
27,Sample_S19S_0016_Sed_Field_ICR.D_p2,381.1684945
59,Sample_S19S_0016_Sed_Field_ICR.D_p2,381.1918695
16,Sample_S19S_0016_Sed_Field_ICR.D_p2,381.204939
48,Sample_S19S_0016_Sed_Field_ICR.D_p2,381.2282913
7,Sample_S19S_0016_Sed_Field_ICR.D_p2,381.2411757
9,Sample_S19S_0016_Sed_Field_ICR.D_p2,382.0909883
13,Sample_S19S_0016_Sed_Field_ICR.D_p2,382.1273741
21,Sample_S19S_0016_Sed_Field_ICR.D_p2,382.1507159
15,Sample_S19S_0016_Sed_Field_ICR.D_p2,382.1637173
36,Sample_S19S_0016_Sed_Field_ICR.D_p2,382.1871664
64,Sample_S19S_0016_Sed_Field_ICR.D_p2,383.0983806
26,Sample_S19S_0016_Sed_Field_ICR.D_p2,383.1347075
35,Sample_S19S_0016_Sed_Field_ICR.D_p2,383.1477567
44,Sample_S19S_0016_Sed_Field_ICR.D_p2,383.1711132
28,Sample_S19S_0016_Sed_Field_ICR.D_p2,383.184187
64,Sample_S19S_0016_Sed_Field_ICR.D_p2,383.2075249
41,Sample_S19S_0016_Sed_Field_ICR.D_p2,383.2439132
14,Sample_S19S_0016_Sed_Field_ICR.D_p2,384.1430092
44,Sample_S19S_0016_Sed_Field_ICR.D_p2,384.1664077
39,Sample_S19S_0016_Sed_Field_ICR.D_p2,384.2027906
1,Sample_S19S_0016_Sed_Field_ICR.D_p2,385.0671926
42,Sample_S19S_0016_Sed_Field_ICR.D_p2,385.0776412
25,Sample_S19S_0016_Sed_Field_ICR.D_p2,385.1139909
51,Sample_S19S_0016_Sed_Field_ICR.D_p2,385.1503825
23,Sample_S19S_0016_Sed_Field_ICR.D_p2,385.1634062
1,Sample_S19S_0016_Sed_Field_ICR.D_p2,385.1702723
1,Sample_S19S_0016_Sed_Field_ICR.D_p2,385.1767945
60,Sample_S19S_0016_Sed_Field_ICR.D_p2,385.1868285
14,Sample_S19S_0016_Sed_Field_ICR.D_p2,385.2151169
21,Sample_S19S_0016_Sed_Field_ICR.D_p2,385.2231361
39,Sample_S19S_0016_Sed_Field_ICR.D_p2,385.2595906
25,Sample_S19S_0016_Sed_Field_ICR.D_p2,386.1093009
13,Sample_S19S_0016_Sed_Field_ICR.D_p2,386.1222876
46,Sample_S19S_0016_Sed_Field_ICR.D_p2,386.1820531
4,Sample_S19S_0016_Sed_Field_ICR.D_p2,387.082697
17,Sample_S19S_0016_Sed_Field_ICR.D_p2,387.0932457
76,Sample_S19S_0016_Sed_Field_ICR.D_p2,387.1296791
22,Sample_S19S_0016_Sed_Field_ICR.D_p2,387.1579654
15,Sample_S19S_0016_Sed_Field_ICR.D_p2,387.1659841
26,Sample_S19S_0016_Sed_Field_ICR.D_p2,387.19436
58,Sample_S19S_0016_Sed_Field_ICR.D_p2,387.2024406
36,Sample_S19S_0016_Sed_Field_ICR.D_p2,387.2388297
31,Sample_S19S_0016_Sed_Field_ICR.D_p2,388.1249219
7,Sample_S19S_0016_Sed_Field_ICR.D_p2,388.2340537
8,Sample_S19S_0016_Sed_Field_ICR.D_p2,388.2987452
5,Sample_S19S_0016_Sed_Field_ICR.D_p2,389.0150297
10,Sample_S19S_0016_Sed_Field_ICR.D_p2,389.051417
18,Sample_S19S_0016_Sed_Field_ICR.D_p2,389.1008827
2,Sample_S19S_0016_Sed_Field_ICR.D_p2,389.1092347
2,Sample_S19S_0016_Sed_Field_ICR.D_p2,389.1135404
23,Sample_S19S_0016_Sed_Field_ICR.D_p2,389.1372295
19,Sample_S19S_0016_Sed_Field_ICR.D_p2,389.1452618
32,Sample_S19S_0016_Sed_Field_ICR.D_p2,389.1736085
31,Sample_S19S_0016_Sed_Field_ICR.D_p2,389.1816725
34,Sample_S19S_0016_Sed_Field_ICR.D_p2,389.1969883
43,Sample_S19S_0016_Sed_Field_ICR.D_p2,389.2180886
16,Sample_S19S_0016_Sed_Field_ICR.D_p2,389.246368
5,Sample_S19S_0016_Sed_Field_ICR.D_p2,389.2544004
9,Sample_S19S_0016_Sed_Field_ICR.D_p2,389.2827541
4,Sample_S19S_0016_Sed_Field_ICR.D_p2,390.1323828
1,Sample_S19S_0016_Sed_Field_ICR.D_p2,390.2132816
16,Sample_S19S_0016_Sed_Field_ICR.D_p2,391.1034381
1,Sample_S19S_0016_Sed_Field_ICR.D_p2,391.1105459
24,Sample_S19S_0016_Sed_Field_ICR.D_p2,391.1245591
27,Sample_S19S_0016_Sed_Field_ICR.D_p2,391.1398852
24,Sample_S19S_0016_Sed_Field_ICR.D_p2,391.1528412
11,Sample_S19S_0016_Sed_Field_ICR.D_p2,391.1608948
9,Sample_S19S_0016_Sed_Field_ICR.D_p2,391.165714
34,Sample_S19S_0016_Sed_Field_ICR.D_p2,391.1762035
25,Sample_S19S_0016_Sed_Field_ICR.D_p2,391.1892281
7,Sample_S19S_0016_Sed_Field_ICR.D_p2,391.1972085
42,Sample_S19S_0016_Sed_Field_ICR.D_p2,391.212612
14,Sample_S19S_0016_Sed_Field_ICR.D_p2,391.2256863
11,Sample_S19S_0016_Sed_Field_ICR.D_p2,391.2620068
20,Sample_S19S_0016_Sed_Field_ICR.D_p2,392.1198706
15,Sample_S19S_0016_Sed_Field_ICR.D_p2,392.1845385
13,Sample_S19S_0016_Sed_Field_ICR.D_p2,392.2209084
2,Sample_S19S_0016_Sed_Field_ICR.D_p2,392.2572106
1,Sample_S19S_0016_Sed_Field_ICR.D_p2,392.9766194
28,Sample_S19S_0016_Sed_Field_ICR.D_p2,393.0827628
41,Sample_S19S_0016_Sed_Field_ICR.D_p2,393.1191285
25,Sample_S19S_0016_Sed_Field_ICR.D_p2,393.1321265
34,Sample_S19S_0016_Sed_Field_ICR.D_p2,393.1554711
32,Sample_S19S_0016_Sed_Field_ICR.D_p2,393.1685262
1,Sample_S19S_0016_Sed_Field_ICR.D_p2,393.181404
22,Sample_S19S_0016_Sed_Field_ICR.D_p2,393.1919402
1,Sample_S19S_0016_Sed_Field_ICR.D_p2,393.1951707
27,Sample_S19S_0016_Sed_Field_ICR.D_p2,393.2049392
5,Sample_S19S_0016_Sed_Field_ICR.D_p2,393.2161336
20,Sample_S19S_0016_Sed_Field_ICR.D_p2,393.2282185
21,Sample_S19S_0016_Sed_Field_ICR.D_p2,393.2412462
4,Sample_S19S_0016_Sed_Field_ICR.D_p2,393.2776995
16,Sample_S19S_0016_Sed_Field_ICR.D_p2,394.1273232
7,Sample_S19S_0016_Sed_Field_ICR.D_p2,394.1637274
38,Sample_S19S_0016_Sed_Field_ICR.D_p2,394.18716
6,Sample_S19S_0016_Sed_Field_ICR.D_p2,394.2001939
5,Sample_S19S_0016_Sed_Field_ICR.D_p2,394.2364931
2,Sample_S19S_0016_Sed_Field_ICR.D_p2,394.9051548
12,Sample_S19S_0016_Sed_Field_ICR.D_p2,395.0619708
19,Sample_S19S_0016_Sed_Field_ICR.D_p2,395.0984243
25,Sample_S19S_0016_Sed_Field_ICR.D_p2,395.1114167
80,Sample_S19S_0016_Sed_Field_ICR.D_p2,395.1347697
32,Sample_S19S_0016_Sed_Field_ICR.D_p2,395.1477706
36,Sample_S19S_0016_Sed_Field_ICR.D_p2,395.171191
25,Sample_S19S_0016_Sed_Field_ICR.D_p2,395.2075813
24,Sample_S19S_0016_Sed_Field_ICR.D_p2,395.2205826
3,Sample_S19S_0016_Sed_Field_ICR.D_p2,395.2317962
19,Sample_S19S_0016_Sed_Field_ICR.D_p2,395.2438669
12,Sample_S19S_0016_Sed_Field_ICR.D_p2,396.1066573
20,Sample_S19S_0016_Sed_Field_ICR.D_p2,396.1430161
9,Sample_S19S_0016_Sed_Field_ICR.D_p2,396.1875433
13,Sample_S19S_0016_Sed_Field_ICR.D_p2,397.0775828
46,Sample_S19S_0016_Sed_Field_ICR.D_p2,397.1140135
23,Sample_S19S_0016_Sed_Field_ICR.D_p2,397.1270557
72,Sample_S19S_0016_Sed_Field_ICR.D_p2,397.1504225
29,Sample_S19S_0016_Sed_Field_ICR.D_p2,397.1634297
36,Sample_S19S_0016_Sed_Field_ICR.D_p2,397.1867602
18,Sample_S19S_0016_Sed_Field_ICR.D_p2,397.1997808
8,Sample_S19S_0016_Sed_Field_ICR.D_p2,397.2151289
55,Sample_S19S_0016_Sed_Field_ICR.D_p2,397.2232052
18,Sample_S19S_0016_Sed_Field_ICR.D_p2,397.2361718
30,Sample_S19S_0016_Sed_Field_ICR.D_p2,397.2595669
8,Sample_S19S_0016_Sed_Field_ICR.D_p2,398.0858367
16,Sample_S19S_0016_Sed_Field_ICR.D_p2,398.1222468
48,Sample_S19S_0016_Sed_Field_ICR.D_p2,398.1456531
17,Sample_S19S_0016_Sed_Field_ICR.D_p2,398.1586554
45,Sample_S19S_0016_Sed_Field_ICR.D_p2,398.182038
29,Sample_S19S_0016_Sed_Field_ICR.D_p2,399.0932727
1,Sample_S19S_0016_Sed_Field_ICR.D_p2,399.1086044
1,Sample_S19S_0016_Sed_Field_ICR.D_p2,399.1191269
52,Sample_S19S_0016_Sed_Field_ICR.D_p2,399.1296635
19,Sample_S19S_0016_Sed_Field_ICR.D_p2,399.1427258
12,Sample_S19S_0016_Sed_Field_ICR.D_p2,399.1579458
5,Sample_S19S_0016_Sed_Field_ICR.D_p2,399.1603437
7,Sample_S19S_0016_Sed_Field_ICR.D_p2,399.1659287
16,Sample_S19S_0016_Sed_Field_ICR.D_p2,399.1790309
8,Sample_S19S_0016_Sed_Field_ICR.D_p2,399.1884911
16,Sample_S19S_0016_Sed_Field_ICR.D_p2,399.1943775
57,Sample_S19S_0016_Sed_Field_ICR.D_p2,399.2024375
26,Sample_S19S_0016_Sed_Field_ICR.D_p2,399.2388025
6,Sample_S19S_0016_Sed_Field_ICR.D_p2,399.2751285
6,Sample_S19S_0016_Sed_Field_ICR.D_p2,399.3115889
9,Sample_S19S_0016_Sed_Field_ICR.D_p2,400.1014791
14,Sample_S19S_0016_Sed_Field_ICR.D_p2,400.1378995
2,Sample_S19S_0016_Sed_Field_ICR.D_p2,400.2339741
1,Sample_S19S_0016_Sed_Field_ICR.D_p2,401.0161641
4,Sample_S19S_0016_Sed_Field_ICR.D_p2,401.0984745
33,Sample_S19S_0016_Sed_Field_ICR.D_p2,401.1089631
65,Sample_S19S_0016_Sed_Field_ICR.D_p2,401.1453284
1,Sample_S19S_0016_Sed_Field_ICR.D_p2,401.1651827
19,Sample_S19S_0016_Sed_Field_ICR.D_p2,401.1736033
20,Sample_S19S_0016_Sed_Field_ICR.D_p2,401.1816514
1,Sample_S19S_0016_Sed_Field_ICR.D_p2,401.208088
27,Sample_S19S_0016_Sed_Field_ICR.D_p2,401.2100146
43,Sample_S19S_0016_Sed_Field_ICR.D_p2,401.2180808
12,Sample_S19S_0016_Sed_Field_ICR.D_p2,401.2464231
27,Sample_S19S_0016_Sed_Field_ICR.D_p2,401.2544603
3,Sample_S19S_0016_Sed_Field_ICR.D_p2,402.1042761
12,Sample_S19S_0016_Sed_Field_ICR.D_p2,402.1171527
22,Sample_S19S_0016_Sed_Field_ICR.D_p2,402.1405573
3,Sample_S19S_0016_Sed_Field_ICR.D_p2,402.2779887
17,Sample_S19S_0016_Sed_Field_ICR.D_p2,403.1164656
11,Sample_S19S_0016_Sed_Field_ICR.D_p2,403.1245163
24,Sample_S19S_0016_Sed_Field_ICR.D_p2,403.1529106
35,Sample_S19S_0016_Sed_Field_ICR.D_p2,403.1609357
44,Sample_S19S_0016_Sed_Field_ICR.D_p2,403.1973716
21,Sample_S19S_0016_Sed_Field_ICR.D_p2,403.2256482
21,Sample_S19S_0016_Sed_Field_ICR.D_p2,403.2336971
34,Sample_S19S_0016_Sed_Field_ICR.D_p2,404.1926065
2,Sample_S19S_0016_Sed_Field_ICR.D_p2,404.2937097
17,Sample_S19S_0016_Sed_Field_ICR.D_p2,405.0827082
31,Sample_S19S_0016_Sed_Field_ICR.D_p2,405.1321292
7,Sample_S19S_0016_Sed_Field_ICR.D_p2,405.1401404
6,Sample_S19S_0016_Sed_Field_ICR.D_p2,405.1449744
32,Sample_S19S_0016_Sed_Field_ICR.D_p2,405.1685606
14,Sample_S19S_0016_Sed_Field_ICR.D_p2,405.1765627
32,Sample_S19S_0016_Sed_Field_ICR.D_p2,405.1918632
19,Sample_S19S_0016_Sed_Field_ICR.D_p2,405.2048711
8,Sample_S19S_0016_Sed_Field_ICR.D_p2,405.2128312
15,Sample_S19S_0016_Sed_Field_ICR.D_p2,405.2412525
1,Sample_S19S_0016_Sed_Field_ICR.D_p2,406.1270774
4,Sample_S19S_0016_Sed_Field_ICR.D_p2,406.1636026
11,Sample_S19S_0016_Sed_Field_ICR.D_p2,406.2364932
8,Sample_S19S_0016_Sed_Field_ICR.D_p2,406.3092961
1,Sample_S19S_0016_Sed_Field_ICR.D_p2,407.0747049
46,Sample_S19S_0016_Sed_Field_ICR.D_p2,407.0983755
16,Sample_S19S_0016_Sed_Field_ICR.D_p2,407.1113661
49,Sample_S19S_0016_Sed_Field_ICR.D_p2,407.1347505
31,Sample_S19S_0016_Sed_Field_ICR.D_p2,407.1477958
6,Sample_S19S_0016_Sed_Field_ICR.D_p2,407.1606835
7,Sample_S19S_0016_Sed_Field_ICR.D_p2,407.1712237
19,Sample_S19S_0016_Sed_Field_ICR.D_p2,407.2075913
31,Sample_S19S_0016_Sed_Field_ICR.D_p2,407.2205546
3,Sample_S19S_0016_Sed_Field_ICR.D_p2,407.2472377
15,Sample_S19S_0016_Sed_Field_ICR.D_p2,407.2568891
9,Sample_S19S_0016_Sed_Field_ICR.D_p2,408.1066773
1,Sample_S19S_0016_Sed_Field_ICR.D_p2,408.1873845
20,Sample_S19S_0016_Sed_Field_ICR.D_p2,408.2158005
5,Sample_S19S_0016_Sed_Field_ICR.D_p2,408.2521653
1,Sample_S19S_0016_Sed_Field_ICR.D_p2,408.920763
58,Sample_S19S_0016_Sed_Field_ICR.D_p2,409.1140221
26,Sample_S19S_0016_Sed_Field_ICR.D_p2,409.1270356
71,Sample_S19S_0016_Sed_Field_ICR.D_p2,409.1504235
20,Sample_S19S_0016_Sed_Field_ICR.D_p2,409.1633923
2,Sample_S19S_0016_Sed_Field_ICR.D_p2,409.1762635
18,Sample_S19S_0016_Sed_Field_ICR.D_p2,409.1867344
18,Sample_S19S_0016_Sed_Field_ICR.D_p2,409.1997594
5,Sample_S19S_0016_Sed_Field_ICR.D_p2,409.2110293
62,Sample_S19S_0016_Sed_Field_ICR.D_p2,409.2231724
21,Sample_S19S_0016_Sed_Field_ICR.D_p2,409.236154
19,Sample_S19S_0016_Sed_Field_ICR.D_p2,409.2596119
12,Sample_S19S_0016_Sed_Field_ICR.D_p2,409.2725381
8,Sample_S19S_0016_Sed_Field_ICR.D_p2,410.0858454
12,Sample_S19S_0016_Sed_Field_ICR.D_p2,410.1221742
17,Sample_S19S_0016_Sed_Field_ICR.D_p2,410.1586186
1,Sample_S19S_0016_Sed_Field_ICR.D_p2,410.2313795
5,Sample_S19S_0016_Sed_Field_ICR.D_p2,411.0568579
16,Sample_S19S_0016_Sed_Field_ICR.D_p2,411.1062526
54,Sample_S19S_0016_Sed_Field_ICR.D_p2,411.1296933
38,Sample_S19S_0016_Sed_Field_ICR.D_p2,411.1426758
18,Sample_S19S_0016_Sed_Field_ICR.D_p2,411.1579879
2,Sample_S19S_0016_Sed_Field_ICR.D_p2,411.1603771
51,Sample_S19S_0016_Sed_Field_ICR.D_p2,411.1660419
26,Sample_S19S_0016_Sed_Field_ICR.D_p2,411.1790746
7,Sample_S19S_0016_Sed_Field_ICR.D_p2,411.2022993
26,Sample_S19S_0016_Sed_Field_ICR.D_p2,411.2154903
8,Sample_S19S_0016_Sed_Field_ICR.D_p2,411.2235497
46,Sample_S19S_0016_Sed_Field_ICR.D_p2,411.2388467
16,Sample_S19S_0016_Sed_Field_ICR.D_p2,411.2517972
29,Sample_S19S_0016_Sed_Field_ICR.D_p2,412.1249118
13,Sample_S19S_0016_Sed_Field_ICR.D_p2,412.137911
1,Sample_S19S_0016_Sed_Field_ICR.D_p2,412.1743971
47,Sample_S19S_0016_Sed_Field_ICR.D_p2,412.1977027
49,Sample_S19S_0016_Sed_Field_ICR.D_p2,413.1089345
9,Sample_S19S_0016_Sed_Field_ICR.D_p2,413.1372735
21,Sample_S19S_0016_Sed_Field_ICR.D_p2,413.1452768
14,Sample_S19S_0016_Sed_Field_ICR.D_p2,413.1583079
20,Sample_S19S_0016_Sed_Field_ICR.D_p2,413.1736056
5,Sample_S19S_0016_Sed_Field_ICR.D_p2,413.1759958
12,Sample_S19S_0016_Sed_Field_ICR.D_p2,413.1816156
6,Sample_S19S_0016_Sed_Field_ICR.D_p2,413.1912682
17,Sample_S19S_0016_Sed_Field_ICR.D_p2,413.1946295
2,Sample_S19S_0016_Sed_Field_ICR.D_p2,413.2015356
14,Sample_S19S_0016_Sed_Field_ICR.D_p2,413.2100122
33,Sample_S19S_0016_Sed_Field_ICR.D_p2,413.2180661
33,Sample_S19S_0016_Sed_Field_ICR.D_p2,413.2544798
15,Sample_S19S_0016_Sed_Field_ICR.D_p2,414.1171605
11,Sample_S19S_0016_Sed_Field_ICR.D_p2,414.153523
2,Sample_S19S_0016_Sed_Field_ICR.D_p2,415.0340778
3,Sample_S19S_0016_Sed_Field_ICR.D_p2,415.0671726
24,Sample_S19S_0016_Sed_Field_ICR.D_p2,415.1034568
25,Sample_S19S_0016_Sed_Field_ICR.D_p2,415.1245406
12,Sample_S19S_0016_Sed_Field_ICR.D_p2,415.1529316
54,Sample_S19S_0016_Sed_Field_ICR.D_p2,415.1609859
50,Sample_S19S_0016_Sed_Field_ICR.D_p2,415.1973464
10,Sample_S19S_0016_Sed_Field_ICR.D_p2,415.219815
15,Sample_S19S_0016_Sed_Field_ICR.D_p2,415.2256541
19,Sample_S19S_0016_Sed_Field_ICR.D_p2,415.2336924
27,Sample_S19S_0016_Sed_Field_ICR.D_p2,415.2701205
20,Sample_S19S_0016_Sed_Field_ICR.D_p2,416.1925804
1,Sample_S19S_0016_Sed_Field_ICR.D_p2,417.0466206
12,Sample_S19S_0016_Sed_Field_ICR.D_p2,417.1037889
40,Sample_S19S_0016_Sed_Field_ICR.D_p2,417.1191101
29,Sample_S19S_0016_Sed_Field_ICR.D_p2,417.1321667
36,Sample_S19S_0016_Sed_Field_ICR.D_p2,417.1402188
32,Sample_S19S_0016_Sed_Field_ICR.D_p2,417.1685514
21,Sample_S19S_0016_Sed_Field_ICR.D_p2,417.1765666
16,Sample_S19S_0016_Sed_Field_ICR.D_p2,417.2048604
12,Sample_S19S_0016_Sed_Field_ICR.D_p2,417.2128787
17,Sample_S19S_0016_Sed_Field_ICR.D_p2,417.2493486
9,Sample_S19S_0016_Sed_Field_ICR.D_p2,417.2856574
14,Sample_S19S_0016_Sed_Field_ICR.D_p2,418.1637309
9,Sample_S19S_0016_Sed_Field_ICR.D_p2,419.0619721
3,Sample_S19S_0016_Sed_Field_ICR.D_p2,419.0903033
6,Sample_S19S_0016_Sed_Field_ICR.D_p2,419.1113471
7,Sample_S19S_0016_Sed_Field_ICR.D_p2,419.1194106
43,Sample_S19S_0016_Sed_Field_ICR.D_p2,419.1347745
22,Sample_S19S_0016_Sed_Field_ICR.D_p2,419.1478319
20,Sample_S19S_0016_Sed_Field_ICR.D_p2,419.1558387
37,Sample_S19S_0016_Sed_Field_ICR.D_p2,419.1842051
7,Sample_S19S_0016_Sed_Field_ICR.D_p2,419.1921608
42,Sample_S19S_0016_Sed_Field_ICR.D_p2,419.207525
21,Sample_S19S_0016_Sed_Field_ICR.D_p2,419.2205119
13,Sample_S19S_0016_Sed_Field_ICR.D_p2,419.2285513
19,Sample_S19S_0016_Sed_Field_ICR.D_p2,419.256939
3,Sample_S19S_0016_Sed_Field_ICR.D_p2,420.1428563
9,Sample_S19S_0016_Sed_Field_ICR.D_p2,420.1793747
8,Sample_S19S_0016_Sed_Field_ICR.D_p2,420.2521315
6,Sample_S19S_0016_Sed_Field_ICR.D_p2,420.2885838
6,Sample_S19S_0016_Sed_Field_ICR.D_p2,420.3249517
3,Sample_S19S_0016_Sed_Field_ICR.D_p2,421.0412704
3,Sample_S19S_0016_Sed_Field_ICR.D_p2,421.0777047
49,Sample_S19S_0016_Sed_Field_ICR.D_p2,421.1140346
19,Sample_S19S_0016_Sed_Field_ICR.D_p2,421.1270174
5,Sample_S19S_0016_Sed_Field_ICR.D_p2,421.139945
44,Sample_S19S_0016_Sed_Field_ICR.D_p2,421.1504292
1,Sample_S19S_0016_Sed_Field_ICR.D_p2,421.1552081
36,Sample_S19S_0016_Sed_Field_ICR.D_p2,421.1634511
15,Sample_S19S_0016_Sed_Field_ICR.D_p2,421.1868654
4,Sample_S19S_0016_Sed_Field_ICR.D_p2,421.2265386
23,Sample_S19S_0016_Sed_Field_ICR.D_p2,421.2362004
13,Sample_S19S_0016_Sed_Field_ICR.D_p2,422.1222764
14,Sample_S19S_0016_Sed_Field_ICR.D_p2,422.2031632
2,Sample_S19S_0016_Sed_Field_ICR.D_p2,423.0572035
13,Sample_S19S_0016_Sed_Field_ICR.D_p2,423.093231
4,Sample_S19S_0016_Sed_Field_ICR.D_p2,423.1061645
68,Sample_S19S_0016_Sed_Field_ICR.D_p2,423.1296813
22,Sample_S19S_0016_Sed_Field_ICR.D_p2,423.1426961
10,Sample_S19S_0016_Sed_Field_ICR.D_p2,423.1555367
20,Sample_S19S_0016_Sed_Field_ICR.D_p2,423.1661225
36,Sample_S19S_0016_Sed_Field_ICR.D_p2,423.179095
57,Sample_S19S_0016_Sed_Field_ICR.D_p2,423.2024382
30,Sample_S19S_0016_Sed_Field_ICR.D_p2,423.2154249
7,Sample_S19S_0016_Sed_Field_ICR.D_p2,423.2387546
6,Sample_S19S_0016_Sed_Field_ICR.D_p2,423.2517315
1,Sample_S19S_0016_Sed_Field_ICR.D_p2,424.0735701
10,Sample_S19S_0016_Sed_Field_ICR.D_p2,424.1378327
2,Sample_S19S_0016_Sed_Field_ICR.D_p2,425.0524995
23,Sample_S19S_0016_Sed_Field_ICR.D_p2,425.1089252
10,Sample_S19S_0016_Sed_Field_ICR.D_p2,425.1218239
10,Sample_S19S_0016_Sed_Field_ICR.D_p2,425.1453873
31,Sample_S19S_0016_Sed_Field_ICR.D_p2,425.1583275
3,Sample_S19S_0016_Sed_Field_ICR.D_p2,425.1712771
56,Sample_S19S_0016_Sed_Field_ICR.D_p2,425.1816982
24,Sample_S19S_0016_Sed_Field_ICR.D_p2,425.1947046
5,Sample_S19S_0016_Sed_Field_ICR.D_p2,425.2026698
6,Sample_S19S_0016_Sed_Field_ICR.D_p2,425.2178813
22,Sample_S19S_0016_Sed_Field_ICR.D_p2,425.2311014
43,Sample_S19S_0016_Sed_Field_ICR.D_p2,425.2544996
12,Sample_S19S_0016_Sed_Field_ICR.D_p2,426.1172003
39,Sample_S19S_0016_Sed_Field_ICR.D_p2,426.1405881
19,Sample_S19S_0016_Sed_Field_ICR.D_p2,426.153527
53,Sample_S19S_0016_Sed_Field_ICR.D_p2,426.1769689
2,Sample_S19S_0016_Sed_Field_ICR.D_p2,426.9313713
1,Sample_S19S_0016_Sed_Field_ICR.D_p2,427.0679112
13,Sample_S19S_0016_Sed_Field_ICR.D_p2,427.088175
9,Sample_S19S_0016_Sed_Field_ICR.D_p2,427.1165345
52,Sample_S19S_0016_Sed_Field_ICR.D_p2,427.1245871
4,Sample_S19S_0016_Sed_Field_ICR.D_p2,427.1610597
42,Sample_S19S_0016_Sed_Field_ICR.D_p2,427.1973395
23,Sample_S19S_0016_Sed_Field_ICR.D_p2,427.2103578
14,Sample_S19S_0016_Sed_Field_ICR.D_p2,427.22569
37,Sample_S19S_0016_Sed_Field_ICR.D_p2,427.2337286
26,Sample_S19S_0016_Sed_Field_ICR.D_p2,427.2701368
1,Sample_S19S_0016_Sed_Field_ICR.D_p2,428.1329164
1,Sample_S19S_0016_Sed_Field_ICR.D_p2,428.1504592
30,Sample_S19S_0016_Sed_Field_ICR.D_p2,428.1562791
15,Sample_S19S_0016_Sed_Field_ICR.D_p2,428.1691674
15,Sample_S19S_0016_Sed_Field_ICR.D_p2,428.1925676
4,Sample_S19S_0016_Sed_Field_ICR.D_p2,429.1039457
50,Sample_S19S_0016_Sed_Field_ICR.D_p2,429.1402424
6,Sample_S19S_0016_Sed_Field_ICR.D_p2,429.1555582
30,Sample_S19S_0016_Sed_Field_ICR.D_p2,429.1685491
35,Sample_S19S_0016_Sed_Field_ICR.D_p2,429.1765924
9,Sample_S19S_0016_Sed_Field_ICR.D_p2,429.1896712
9,Sample_S19S_0016_Sed_Field_ICR.D_p2,429.1990848
42,Sample_S19S_0016_Sed_Field_ICR.D_p2,429.2129876
2,Sample_S19S_0016_Sed_Field_ICR.D_p2,429.2355333
36,Sample_S19S_0016_Sed_Field_ICR.D_p2,429.2494299
7,Sample_S19S_0016_Sed_Field_ICR.D_p2,429.2857157
2,Sample_S19S_0016_Sed_Field_ICR.D_p2,430.1357977
31,Sample_S19S_0016_Sed_Field_ICR.D_p2,430.2083192
2,Sample_S19S_0016_Sed_Field_ICR.D_p2,430.2445567
1,Sample_S19S_0016_Sed_Field_ICR.D_p2,430.9725876
19,Sample_S19S_0016_Sed_Field_ICR.D_p2,431.098388
17,Sample_S19S_0016_Sed_Field_ICR.D_p2,431.1194411
25,Sample_S19S_0016_Sed_Field_ICR.D_p2,431.1477957
19,Sample_S19S_0016_Sed_Field_ICR.D_p2,431.1558407
35,Sample_S19S_0016_Sed_Field_ICR.D_p2,431.1922364
11,Sample_S19S_0016_Sed_Field_ICR.D_p2,431.2206124
29,Sample_S19S_0016_Sed_Field_ICR.D_p2,431.2286229
11,Sample_S19S_0016_Sed_Field_ICR.D_p2,431.264934
11,Sample_S19S_0016_Sed_Field_ICR.D_p2,432.1876103
1,Sample_S19S_0016_Sed_Field_ICR.D_p2,432.2789219
12,Sample_S19S_0016_Sed_Field_ICR.D_p2,433.077665
12,Sample_S19S_0016_Sed_Field_ICR.D_p2,433.1269982
31,Sample_S19S_0016_Sed_Field_ICR.D_p2,433.1634586
19,Sample_S19S_0016_Sed_Field_ICR.D_p2,433.1714809
4,Sample_S19S_0016_Sed_Field_ICR.D_p2,433.1940528
13,Sample_S19S_0016_Sed_Field_ICR.D_p2,433.1998888
31,Sample_S19S_0016_Sed_Field_ICR.D_p2,433.2079014
3,Sample_S19S_0016_Sed_Field_ICR.D_p2,433.2208714
17,Sample_S19S_0016_Sed_Field_ICR.D_p2,433.2361951
8,Sample_S19S_0016_Sed_Field_ICR.D_p2,433.2441921
3,Sample_S19S_0016_Sed_Field_ICR.D_p2,433.2725253
8,Sample_S19S_0016_Sed_Field_ICR.D_p2,434.1949741
13,Sample_S19S_0016_Sed_Field_ICR.D_p2,434.2677929
27,Sample_S19S_0016_Sed_Field_ICR.D_p2,435.093324
13,Sample_S19S_0016_Sed_Field_ICR.D_p2,435.1062764
13,Sample_S19S_0016_Sed_Field_ICR.D_p2,435.1296329
16,Sample_S19S_0016_Sed_Field_ICR.D_p2,435.1426364
2,Sample_S19S_0016_Sed_Field_ICR.D_p2,435.160379
16,Sample_S19S_0016_Sed_Field_ICR.D_p2,435.1659973
31,Sample_S19S_0016_Sed_Field_ICR.D_p2,435.1790631
9,Sample_S19S_0016_Sed_Field_ICR.D_p2,435.1870191
17,Sample_S19S_0016_Sed_Field_ICR.D_p2,435.2155119
20,Sample_S19S_0016_Sed_Field_ICR.D_p2,435.25188
12,Sample_S19S_0016_Sed_Field_ICR.D_p2,436.1378283
15,Sample_S19S_0016_Sed_Field_ICR.D_p2,436.1742724
11,Sample_S19S_0016_Sed_Field_ICR.D_p2,437.1088959
11,Sample_S19S_0016_Sed_Field_ICR.D_p2,437.1219003
36,Sample_S19S_0016_Sed_Field_ICR.D_p2,437.1453651
31,Sample_S19S_0016_Sed_Field_ICR.D_p2,437.158378
46,Sample_S19S_0016_Sed_Field_ICR.D_p2,437.1817485
27,Sample_S19S_0016_Sed_Field_ICR.D_p2,437.1946984
10,Sample_S19S_0016_Sed_Field_ICR.D_p2,437.2180272
23,Sample_S19S_0016_Sed_Field_ICR.D_p2,437.2310601
8,Sample_S19S_0016_Sed_Field_ICR.D_p2,438.1170668
13,Sample_S19S_0016_Sed_Field_ICR.D_p2,438.1900158
2,Sample_S19S_0016_Sed_Field_ICR.D_p2,439.051737
46,Sample_S19S_0016_Sed_Field_ICR.D_p2,439.1246064
13,Sample_S19S_0016_Sed_Field_ICR.D_p2,439.1375419
1,Sample_S19S_0016_Sed_Field_ICR.D_p2,439.1505853
3,Sample_S19S_0016_Sed_Field_ICR.D_p2,439.1553158
25,Sample_S19S_0016_Sed_Field_ICR.D_p2,439.1609425
4,Sample_S19S_0016_Sed_Field_ICR.D_p2,439.1916893
19,Sample_S19S_0016_Sed_Field_ICR.D_p2,439.1973056
13,Sample_S19S_0016_Sed_Field_ICR.D_p2,439.2103099
7,Sample_S19S_0016_Sed_Field_ICR.D_p2,439.246834
24,Sample_S19S_0016_Sed_Field_ICR.D_p2,439.2701623
17,Sample_S19S_0016_Sed_Field_ICR.D_p2,440.1328082
14,Sample_S19S_0016_Sed_Field_ICR.D_p2,440.1692728
1,Sample_S19S_0016_Sed_Field_ICR.D_p2,440.1772314
1,Sample_S19S_0016_Sed_Field_ICR.D_p2,440.9976233
8,Sample_S19S_0016_Sed_Field_ICR.D_p2,441.0674409
15,Sample_S19S_0016_Sed_Field_ICR.D_p2,441.1039049
39,Sample_S19S_0016_Sed_Field_ICR.D_p2,441.1402285
9,Sample_S19S_0016_Sed_Field_ICR.D_p2,441.1661555
23,Sample_S19S_0016_Sed_Field_ICR.D_p2,441.1765589
14,Sample_S19S_0016_Sed_Field_ICR.D_p2,441.1895875
2,Sample_S19S_0016_Sed_Field_ICR.D_p2,441.206956
19,Sample_S19S_0016_Sed_Field_ICR.D_p2,441.2129575
19,Sample_S19S_0016_Sed_Field_ICR.D_p2,441.2260326
16,Sample_S19S_0016_Sed_Field_ICR.D_p2,441.2494531
19,Sample_S19S_0016_Sed_Field_ICR.D_p2,441.2858146
10,Sample_S19S_0016_Sed_Field_ICR.D_p2,442.1121106
21,Sample_S19S_0016_Sed_Field_ICR.D_p2,442.1484515
20,Sample_S19S_0016_Sed_Field_ICR.D_p2,442.1848685
9,Sample_S19S_0016_Sed_Field_ICR.D_p2,443.0830557
11,Sample_S19S_0016_Sed_Field_ICR.D_p2,443.1114516
40,Sample_S19S_0016_Sed_Field_ICR.D_p2,443.119518
1,Sample_S19S_0016_Sed_Field_ICR.D_p2,443.1348538
9,Sample_S19S_0016_Sed_Field_ICR.D_p2,443.1478565
53,Sample_S19S_0016_Sed_Field_ICR.D_p2,443.1558944
24,Sample_S19S_0016_Sed_Field_ICR.D_p2,443.1841796
20,Sample_S19S_0016_Sed_Field_ICR.D_p2,443.1922057
17,Sample_S19S_0016_Sed_Field_ICR.D_p2,443.2052319
12,Sample_S19S_0016_Sed_Field_ICR.D_p2,443.2205255
9,Sample_S19S_0016_Sed_Field_ICR.D_p2,443.2285235
27,Sample_S19S_0016_Sed_Field_ICR.D_p2,443.2650816
11,Sample_S19S_0016_Sed_Field_ICR.D_p2,443.3014797
12,Sample_S19S_0016_Sed_Field_ICR.D_p2,444.1641755
5,Sample_S19S_0016_Sed_Field_ICR.D_p2,444.2027089
3,Sample_S19S_0016_Sed_Field_ICR.D_p2,445.0779374
14,Sample_S19S_0016_Sed_Field_ICR.D_p2,445.127011
7,Sample_S19S_0016_Sed_Field_ICR.D_p2,445.1350548
1,Sample_S19S_0016_Sed_Field_ICR.D_p2,445.1509979
28,Sample_S19S_0016_Sed_Field_ICR.D_p2,445.1634705
48,Sample_S19S_0016_Sed_Field_ICR.D_p2,445.1715289
49,Sample_S19S_0016_Sed_Field_ICR.D_p2,445.2079177
21,Sample_S19S_0016_Sed_Field_ICR.D_p2,445.2362316
28,Sample_S19S_0016_Sed_Field_ICR.D_p2,445.2442897
9,Sample_S19S_0016_Sed_Field_ICR.D_p2,445.2805849
2,Sample_S19S_0016_Sed_Field_ICR.D_p2,446.0728598
12,Sample_S19S_0016_Sed_Field_ICR.D_p2,446.2031197
3,Sample_S19S_0016_Sed_Field_ICR.D_p2,447.056785
4,Sample_S19S_0016_Sed_Field_ICR.D_p2,447.09323
35,Sample_S19S_0016_Sed_Field_ICR.D_p2,447.1297048
25,Sample_S19S_0016_Sed_Field_ICR.D_p2,447.1427418
7,Sample_S19S_0016_Sed_Field_ICR.D_p2,447.1507185
48,Sample_S19S_0016_Sed_Field_ICR.D_p2,447.1660641
31,Sample_S19S_0016_Sed_Field_ICR.D_p2,447.179104
2,Sample_S19S_0016_Sed_Field_ICR.D_p2,447.1869913
5,Sample_S19S_0016_Sed_Field_ICR.D_p2,447.1967099
16,Sample_S19S_0016_Sed_Field_ICR.D_p2,447.2154152
13,Sample_S19S_0016_Sed_Field_ICR.D_p2,447.2234126
11,Sample_S19S_0016_Sed_Field_ICR.D_p2,447.2598855
2,Sample_S19S_0016_Sed_Field_ICR.D_p2,447.2883093
2,Sample_S19S_0016_Sed_Field_ICR.D_p2,448.1377698
3,Sample_S19S_0016_Sed_Field_ICR.D_p2,448.2105592
1,Sample_S19S_0016_Sed_Field_ICR.D_p2,449.0637295
6,Sample_S19S_0016_Sed_Field_ICR.D_p2,449.0724952
21,Sample_S19S_0016_Sed_Field_ICR.D_p2,449.1219859
51,Sample_S19S_0016_Sed_Field_ICR.D_p2,449.1453221
36,Sample_S19S_0016_Sed_Field_ICR.D_p2,449.1583358
17,Sample_S19S_0016_Sed_Field_ICR.D_p2,449.1663956
1,Sample_S19S_0016_Sed_Field_ICR.D_p2,449.1735875
15,Sample_S19S_0016_Sed_Field_ICR.D_p2,449.1946593
22,Sample_S19S_0016_Sed_Field_ICR.D_p2,449.2310912
10,Sample_S19S_0016_Sed_Field_ICR.D_p2,449.267553
2,Sample_S19S_0016_Sed_Field_ICR.D_p2,450.1256082
1,Sample_S19S_0016_Sed_Field_ICR.D_p2,450.1534069
10,Sample_S19S_0016_Sed_Field_ICR.D_p2,450.1898917
13,Sample_S19S_0016_Sed_Field_ICR.D_p2,451.0881744
29,Sample_S19S_0016_Sed_Field_ICR.D_p2,451.124616
24,Sample_S19S_0016_Sed_Field_ICR.D_p2,451.1376081
2,Sample_S19S_0016_Sed_Field_ICR.D_p2,451.1552795
23,Sample_S19S_0016_Sed_Field_ICR.D_p2,451.1609528
22,Sample_S19S_0016_Sed_Field_ICR.D_p2,451.1739524
4,Sample_S19S_0016_Sed_Field_ICR.D_p2,451.1916101
8,Sample_S19S_0016_Sed_Field_ICR.D_p2,451.1972791
15,Sample_S19S_0016_Sed_Field_ICR.D_p2,451.2103087
6,Sample_S19S_0016_Sed_Field_ICR.D_p2,451.2280387
13,Sample_S19S_0016_Sed_Field_ICR.D_p2,451.2336787
16,Sample_S19S_0016_Sed_Field_ICR.D_p2,451.2467303
8,Sample_S19S_0016_Sed_Field_ICR.D_p2,451.2944141
20,Sample_S19S_0016_Sed_Field_ICR.D_p2,452.1328651
23,Sample_S19S_0016_Sed_Field_ICR.D_p2,452.1692639
4,Sample_S19S_0016_Sed_Field_ICR.D_p2,452.2054595
6,Sample_S19S_0016_Sed_Field_ICR.D_p2,453.0673983
3,Sample_S19S_0016_Sed_Field_ICR.D_p2,453.1037558
2,Sample_S19S_0016_Sed_Field_ICR.D_p2,453.1298465
23,Sample_S19S_0016_Sed_Field_ICR.D_p2,453.140211
22,Sample_S19S_0016_Sed_Field_ICR.D_p2,453.1532352
53,Sample_S19S_0016_Sed_Field_ICR.D_p2,453.1766436
35,Sample_S19S_0016_Sed_Field_ICR.D_p2,453.1896338
22,Sample_S19S_0016_Sed_Field_ICR.D_p2,453.2259797
5,Sample_S19S_0016_Sed_Field_ICR.D_p2,453.24365
7,Sample_S19S_0016_Sed_Field_ICR.D_p2,453.2492245
5,Sample_S19S_0016_Sed_Field_ICR.D_p2,453.2622438
1,Sample_S19S_0016_Sed_Field_ICR.D_p2,454.0173219
11,Sample_S19S_0016_Sed_Field_ICR.D_p2,454.1121318
15,Sample_S19S_0016_Sed_Field_ICR.D_p2,454.1484722
15,Sample_S19S_0016_Sed_Field_ICR.D_p2,454.1849077
3,Sample_S19S_0016_Sed_Field_ICR.D_p2,454.9626353
16,Sample_S19S_0016_Sed_Field_ICR.D_p2,455.0831528
19,Sample_S19S_0016_Sed_Field_ICR.D_p2,455.1194736
5,Sample_S19S_0016_Sed_Field_ICR.D_p2,455.1453733
9,Sample_S19S_0016_Sed_Field_ICR.D_p2,455.1558023
9,Sample_S19S_0016_Sed_Field_ICR.D_p2,455.1921775
23,Sample_S19S_0016_Sed_Field_ICR.D_p2,455.2052634
8,Sample_S19S_0016_Sed_Field_ICR.D_p2,455.2285132
18,Sample_S19S_0016_Sed_Field_ICR.D_p2,455.2416675
25,Sample_S19S_0016_Sed_Field_ICR.D_p2,455.2650512
6,Sample_S19S_0016_Sed_Field_ICR.D_p2,455.3012986
1,Sample_S19S_0016_Sed_Field_ICR.D_p2,456.1454694
2,Sample_S19S_0016_Sed_Field_ICR.D_p2,456.1642324
1,Sample_S19S_0016_Sed_Field_ICR.D_p2,456.1809953
7,Sample_S19S_0016_Sed_Field_ICR.D_p2,457.0986905
11,Sample_S19S_0016_Sed_Field_ICR.D_p2,457.1350642
36,Sample_S19S_0016_Sed_Field_ICR.D_p2,457.1715231
14,Sample_S19S_0016_Sed_Field_ICR.D_p2,457.1998933
41,Sample_S19S_0016_Sed_Field_ICR.D_p2,457.2079257
3,Sample_S19S_0016_Sed_Field_ICR.D_p2,457.2210167
17,Sample_S19S_0016_Sed_Field_ICR.D_p2,457.2442623
11,Sample_S19S_0016_Sed_Field_ICR.D_p2,457.280565
15,Sample_S19S_0016_Sed_Field_ICR.D_p2,458.1433739
5,Sample_S19S_0016_Sed_Field_ICR.D_p2,458.1796948
1,Sample_S19S_0016_Sed_Field_ICR.D_p2,459.1300035
32,Sample_S19S_0016_Sed_Field_ICR.D_p2,459.142719
31,Sample_S19S_0016_Sed_Field_ICR.D_p2,459.1508169
21,Sample_S19S_0016_Sed_Field_ICR.D_p2,459.1661042
41,Sample_S19S_0016_Sed_Field_ICR.D_p2,459.1872169
14,Sample_S19S_0016_Sed_Field_ICR.D_p2,459.2155229
21,Sample_S19S_0016_Sed_Field_ICR.D_p2,459.2235091
10,Sample_S19S_0016_Sed_Field_ICR.D_p2,459.2598321
4,Sample_S19S_0016_Sed_Field_ICR.D_p2,459.2961511
4,Sample_S19S_0016_Sed_Field_ICR.D_p2,460.1823248
1,Sample_S19S_0016_Sed_Field_ICR.D_p2,460.190171
1,Sample_S19S_0016_Sed_Field_ICR.D_p2,461.0346068
6,Sample_S19S_0016_Sed_Field_ICR.D_p2,461.1218899
28,Sample_S19S_0016_Sed_Field_ICR.D_p2,461.1583343
17,Sample_S19S_0016_Sed_Field_ICR.D_p2,461.1817537
11,Sample_S19S_0016_Sed_Field_ICR.D_p2,461.1948089
17,Sample_S19S_0016_Sed_Field_ICR.D_p2,461.2027689
31,Sample_S19S_0016_Sed_Field_ICR.D_p2,461.2311454
13,Sample_S19S_0016_Sed_Field_ICR.D_p2,461.2391228
6,Sample_S19S_0016_Sed_Field_ICR.D_p2,461.2755207
14,Sample_S19S_0016_Sed_Field_ICR.D_p2,463.0881954
4,Sample_S19S_0016_Sed_Field_ICR.D_p2,463.1375144
4,Sample_S19S_0016_Sed_Field_ICR.D_p2,463.1608564
15,Sample_S19S_0016_Sed_Field_ICR.D_p2,463.1739081
1,Sample_S19S_0016_Sed_Field_ICR.D_p2,463.1815211
13,Sample_S19S_0016_Sed_Field_ICR.D_p2,463.1972938
34,Sample_S19S_0016_Sed_Field_ICR.D_p2,463.210366
7,Sample_S19S_0016_Sed_Field_ICR.D_p2,463.2183038
28,Sample_S19S_0016_Sed_Field_ICR.D_p2,463.2467901
3,Sample_S19S_0016_Sed_Field_ICR.D_p2,465.1041512
26,Sample_S19S_0016_Sed_Field_ICR.D_p2,465.1532935
36,Sample_S19S_0016_Sed_Field_ICR.D_p2,465.1896305
14,Sample_S19S_0016_Sed_Field_ICR.D_p2,465.2259434
10,Sample_S19S_0016_Sed_Field_ICR.D_p2,465.2491835
13,Sample_S19S_0016_Sed_Field_ICR.D_p2,465.2623148
7,Sample_S19S_0016_Sed_Field_ICR.D_p2,466.1483352
6,Sample_S19S_0016_Sed_Field_ICR.D_p2,466.1847506
26,Sample_S19S_0016_Sed_Field_ICR.D_p2,467.1195422
2,Sample_S19S_0016_Sed_Field_ICR.D_p2,467.1348605
17,Sample_S19S_0016_Sed_Field_ICR.D_p2,467.1558326
4,Sample_S19S_0016_Sed_Field_ICR.D_p2,467.1921933
21,Sample_S19S_0016_Sed_Field_ICR.D_p2,467.2052403
6,Sample_S19S_0016_Sed_Field_ICR.D_p2,467.2229454
36,Sample_S19S_0016_Sed_Field_ICR.D_p2,467.2286363
26,Sample_S19S_0016_Sed_Field_ICR.D_p2,467.2416996
6,Sample_S19S_0016_Sed_Field_ICR.D_p2,467.3013651
6,Sample_S19S_0016_Sed_Field_ICR.D_p2,468.1640569
2,Sample_S19S_0016_Sed_Field_ICR.D_p2,468.1817648
6,Sample_S19S_0016_Sed_Field_ICR.D_p2,468.2004429
9,Sample_S19S_0016_Sed_Field_ICR.D_p2,469.0986993
1,Sample_S19S_0016_Sed_Field_ICR.D_p2,469.1318927
7,Sample_S19S_0016_Sed_Field_ICR.D_p2,469.1843946
2,Sample_S19S_0016_Sed_Field_ICR.D_p2,469.2021467
35,Sample_S19S_0016_Sed_Field_ICR.D_p2,469.2078959
26,Sample_S19S_0016_Sed_Field_ICR.D_p2,469.2209608
40,Sample_S19S_0016_Sed_Field_ICR.D_p2,469.2442937
16,Sample_S19S_0016_Sed_Field_ICR.D_p2,469.2573206
15,Sample_S19S_0016_Sed_Field_ICR.D_p2,469.2806636
10,Sample_S19S_0016_Sed_Field_ICR.D_p2,470.143395
1,Sample_S19S_0016_Sed_Field_ICR.D_p2,470.1610044
13,Sample_S19S_0016_Sed_Field_ICR.D_p2,470.1798205
4,Sample_S19S_0016_Sed_Field_ICR.D_p2,471.093255
4,Sample_S19S_0016_Sed_Field_ICR.D_p2,471.1506882
22,Sample_S19S_0016_Sed_Field_ICR.D_p2,471.1871307
13,Sample_S19S_0016_Sed_Field_ICR.D_p2,471.2001285
36,Sample_S19S_0016_Sed_Field_ICR.D_p2,471.2235442
19,Sample_S19S_0016_Sed_Field_ICR.D_p2,471.2365788
15,Sample_S19S_0016_Sed_Field_ICR.D_p2,471.2598467
8,Sample_S19S_0016_Sed_Field_ICR.D_p2,471.2961918
1,Sample_S19S_0016_Sed_Field_ICR.D_p2,472.1955425
20,Sample_S19S_0016_Sed_Field_ICR.D_p2,473.1089772
16,Sample_S19S_0016_Sed_Field_ICR.D_p2,473.121993
14,Sample_S19S_0016_Sed_Field_ICR.D_p2,473.1582831
13,Sample_S19S_0016_Sed_Field_ICR.D_p2,473.1663521
13,Sample_S19S_0016_Sed_Field_ICR.D_p2,473.1946924
16,Sample_S19S_0016_Sed_Field_ICR.D_p2,473.2027392
36,Sample_S19S_0016_Sed_Field_ICR.D_p2,473.2311386
30,Sample_S19S_0016_Sed_Field_ICR.D_p2,473.2392065
24,Sample_S19S_0016_Sed_Field_ICR.D_p2,473.2756478
5,Sample_S19S_0016_Sed_Field_ICR.D_p2,473.311845
2,Sample_S19S_0016_Sed_Field_ICR.D_p2,474.2057408
2,Sample_S19S_0016_Sed_Field_ICR.D_p2,475.0517049
1,Sample_S19S_0016_Sed_Field_ICR.D_p2,475.0866488
20,Sample_S19S_0016_Sed_Field_ICR.D_p2,475.1376596
13,Sample_S19S_0016_Sed_Field_ICR.D_p2,475.1456774
39,Sample_S19S_0016_Sed_Field_ICR.D_p2,475.1609843
27,Sample_S19S_0016_Sed_Field_ICR.D_p2,475.1739813
5,Sample_S19S_0016_Sed_Field_ICR.D_p2,475.1819356
4,Sample_S19S_0016_Sed_Field_ICR.D_p2,475.1916559
11,Sample_S19S_0016_Sed_Field_ICR.D_p2,475.2103074
6,Sample_S19S_0016_Sed_Field_ICR.D_p2,475.2546749
7,Sample_S19S_0016_Sed_Field_ICR.D_p2,475.2910553
2,Sample_S19S_0016_Sed_Field_ICR.D_p2,476.2499866
1,Sample_S19S_0016_Sed_Field_ICR.D_p2,476.9742304
2,Sample_S19S_0016_Sed_Field_ICR.D_p2,477.1401075
9,Sample_S19S_0016_Sed_Field_ICR.D_p2,477.1531747
1,Sample_S19S_0016_Sed_Field_ICR.D_p2,477.1700154
4,Sample_S19S_0016_Sed_Field_ICR.D_p2,477.1765167
12,Sample_S19S_0016_Sed_Field_ICR.D_p2,477.1895617
21,Sample_S19S_0016_Sed_Field_ICR.D_p2,477.1977529
5,Sample_S19S_0016_Sed_Field_ICR.D_p2,477.2072691
31,Sample_S19S_0016_Sed_Field_ICR.D_p2,477.2260597
15,Sample_S19S_0016_Sed_Field_ICR.D_p2,477.2341462
24,Sample_S19S_0016_Sed_Field_ICR.D_p2,477.262427
14,Sample_S19S_0016_Sed_Field_ICR.D_p2,478.1484802
27,Sample_S19S_0016_Sed_Field_ICR.D_p2,478.1848919
5,Sample_S19S_0016_Sed_Field_ICR.D_p2,478.2208548
3,Sample_S19S_0016_Sed_Field_ICR.D_p2,479.0830028
18,Sample_S19S_0016_Sed_Field_ICR.D_p2,479.1194663
34,Sample_S19S_0016_Sed_Field_ICR.D_p2,479.1559168
10,Sample_S19S_0016_Sed_Field_ICR.D_p2,479.1689644
41,Sample_S19S_0016_Sed_Field_ICR.D_p2,479.1923063
32,Sample_S19S_0016_Sed_Field_ICR.D_p2,479.2053091
1,Sample_S19S_0016_Sed_Field_ICR.D_p2,479.2229016
18,Sample_S19S_0016_Sed_Field_ICR.D_p2,479.2286027
24,Sample_S19S_0016_Sed_Field_ICR.D_p2,479.2416827
2,Sample_S19S_0016_Sed_Field_ICR.D_p2,479.2589884
9,Sample_S19S_0016_Sed_Field_ICR.D_p2,479.2648342
4,Sample_S19S_0016_Sed_Field_ICR.D_p2,479.277834
8,Sample_S19S_0016_Sed_Field_ICR.D_p2,480.151082
7,Sample_S19S_0016_Sed_Field_ICR.D_p2,480.1640335
22,Sample_S19S_0016_Sed_Field_ICR.D_p2,480.2005188
1,Sample_S19S_0016_Sed_Field_ICR.D_p2,481.0980249
9,Sample_S19S_0016_Sed_Field_ICR.D_p2,481.1634867
22,Sample_S19S_0016_Sed_Field_ICR.D_p2,481.1845085
2,Sample_S19S_0016_Sed_Field_ICR.D_p2,481.2020555
16,Sample_S19S_0016_Sed_Field_ICR.D_p2,481.2208584
1,Sample_S19S_0016_Sed_Field_ICR.D_p2,481.2384755
16,Sample_S19S_0016_Sed_Field_ICR.D_p2,481.2572296
3,Sample_S19S_0016_Sed_Field_ICR.D_p2,481.2936398
10,Sample_S19S_0016_Sed_Field_ICR.D_p2,482.14329
13,Sample_S19S_0016_Sed_Field_ICR.D_p2,482.1797251
18,Sample_S19S_0016_Sed_Field_ICR.D_p2,482.2161857
9,Sample_S19S_0016_Sed_Field_ICR.D_p2,483.0780208
24,Sample_S19S_0016_Sed_Field_ICR.D_p2,483.1144642
34,Sample_S19S_0016_Sed_Field_ICR.D_p2,483.1871699
19,Sample_S19S_0016_Sed_Field_ICR.D_p2,483.2001521
13,Sample_S19S_0016_Sed_Field_ICR.D_p2,483.2234722
18,Sample_S19S_0016_Sed_Field_ICR.D_p2,483.2364995
8,Sample_S19S_0016_Sed_Field_ICR.D_p2,483.259746
15,Sample_S19S_0016_Sed_Field_ICR.D_p2,483.2963101
6,Sample_S19S_0016_Sed_Field_ICR.D_p2,483.3325242
13,Sample_S19S_0016_Sed_Field_ICR.D_p2,484.1590053
12,Sample_S19S_0016_Sed_Field_ICR.D_p2,484.1953617
8,Sample_S19S_0016_Sed_Field_ICR.D_p2,484.2318056
7,Sample_S19S_0016_Sed_Field_ICR.D_p2,485.0936172
30,Sample_S19S_0016_Sed_Field_ICR.D_p2,485.1664901
15,Sample_S19S_0016_Sed_Field_ICR.D_p2,485.2158694
12,Sample_S19S_0016_Sed_Field_ICR.D_p2,485.2310607
8,Sample_S19S_0016_Sed_Field_ICR.D_p2,485.2390821
8,Sample_S19S_0016_Sed_Field_ICR.D_p2,485.2521043
9,Sample_S19S_0016_Sed_Field_ICR.D_p2,485.275439
5,Sample_S19S_0016_Sed_Field_ICR.D_p2,485.3118215
1,Sample_S19S_0016_Sed_Field_ICR.D_p2,486.1928766
1,Sample_S19S_0016_Sed_Field_ICR.D_p2,486.2058311
2,Sample_S19S_0016_Sed_Field_ICR.D_p2,486.9888577
2,Sample_S19S_0016_Sed_Field_ICR.D_p2,487.0884617
1,Sample_S19S_0016_Sed_Field_ICR.D_p2,487.1244947
10,Sample_S19S_0016_Sed_Field_ICR.D_p2,487.1375846
10,Sample_S19S_0016_Sed_Field_ICR.D_p2,487.1740711
30,Sample_S19S_0016_Sed_Field_ICR.D_p2,487.18211
8,Sample_S19S_0016_Sed_Field_ICR.D_p2,487.2104698
29,Sample_S19S_0016_Sed_Field_ICR.D_p2,487.2184679
2,Sample_S19S_0016_Sed_Field_ICR.D_p2,487.2315565
1,Sample_S19S_0016_Sed_Field_ICR.D_p2,487.2397418
9,Sample_S19S_0016_Sed_Field_ICR.D_p2,487.2468303
28,Sample_S19S_0016_Sed_Field_ICR.D_p2,487.254845
8,Sample_S19S_0016_Sed_Field_ICR.D_p2,487.2829879
6,Sample_S19S_0016_Sed_Field_ICR.D_p2,487.2911792
2,Sample_S19S_0016_Sed_Field_ICR.D_p2,488.2214834
1,Sample_S19S_0016_Sed_Field_ICR.D_p2,488.2936994
1,Sample_S19S_0016_Sed_Field_ICR.D_p2,489.0682039
5,Sample_S19S_0016_Sed_Field_ICR.D_p2,489.1039118
15,Sample_S19S_0016_Sed_Field_ICR.D_p2,489.1402055
15,Sample_S19S_0016_Sed_Field_ICR.D_p2,489.1532671
6,Sample_S19S_0016_Sed_Field_ICR.D_p2,489.1612651
16,Sample_S19S_0016_Sed_Field_ICR.D_p2,489.1895365
13,Sample_S19S_0016_Sed_Field_ICR.D_p2,489.2259164
9,Sample_S19S_0016_Sed_Field_ICR.D_p2,489.2623275
9,Sample_S19S_0016_Sed_Field_ICR.D_p2,489.2703605
13,Sample_S19S_0016_Sed_Field_ICR.D_p2,489.3068727
1,Sample_S19S_0016_Sed_Field_ICR.D_p2,490.2006598
1,Sample_S19S_0016_Sed_Field_ICR.D_p2,490.2370505
4,Sample_S19S_0016_Sed_Field_ICR.D_p2,491.1193786
9,Sample_S19S_0016_Sed_Field_ICR.D_p2,491.1558203
24,Sample_S19S_0016_Sed_Field_ICR.D_p2,491.1689084
1,Sample_S19S_0016_Sed_Field_ICR.D_p2,491.186407
1,Sample_S19S_0016_Sed_Field_ICR.D_p2,491.1926523
7,Sample_S19S_0016_Sed_Field_ICR.D_p2,491.2053832
5,Sample_S19S_0016_Sed_Field_ICR.D_p2,491.2130982
2,Sample_S19S_0016_Sed_Field_ICR.D_p2,491.2230199
8,Sample_S19S_0016_Sed_Field_ICR.D_p2,491.2417678
14,Sample_S19S_0016_Sed_Field_ICR.D_p2,491.2780744
1,Sample_S19S_0016_Sed_Field_ICR.D_p2,491.2933268
24,Sample_S19S_0016_Sed_Field_ICR.D_p2,492.2005471
2,Sample_S19S_0016_Sed_Field_ICR.D_p2,493.1270629
38,Sample_S19S_0016_Sed_Field_ICR.D_p2,493.1351653
31,Sample_S19S_0016_Sed_Field_ICR.D_p2,493.1715856
7,Sample_S19S_0016_Sed_Field_ICR.D_p2,493.1846305
28,Sample_S19S_0016_Sed_Field_ICR.D_p2,493.2209368
14,Sample_S19S_0016_Sed_Field_ICR.D_p2,493.2572378
3,Sample_S19S_0016_Sed_Field_ICR.D_p2,493.2935422
12,Sample_S19S_0016_Sed_Field_ICR.D_p2,494.1433842
1,Sample_S19S_0016_Sed_Field_ICR.D_p2,494.1511917
19,Sample_S19S_0016_Sed_Field_ICR.D_p2,494.1798099
1,Sample_S19S_0016_Sed_Field_ICR.D_p2,494.2154899
2,Sample_S19S_0016_Sed_Field_ICR.D_p2,495.1148206
4,Sample_S19S_0016_Sed_Field_ICR.D_p2,495.1427989
29,Sample_S19S_0016_Sed_Field_ICR.D_p2,495.1507984
18,Sample_S19S_0016_Sed_Field_ICR.D_p2,495.1638346
17,Sample_S19S_0016_Sed_Field_ICR.D_p2,495.2001254
2,Sample_S19S_0016_Sed_Field_ICR.D_p2,495.2175183
19,Sample_S19S_0016_Sed_Field_ICR.D_p2,495.2365338
2,Sample_S19S_0016_Sed_Field_ICR.D_p2,495.2541845
5,Sample_S19S_0016_Sed_Field_ICR.D_p2,495.2597197
3,Sample_S19S_0016_Sed_Field_ICR.D_p2,495.272735
16,Sample_S19S_0016_Sed_Field_ICR.D_p2,496.1590337
19,Sample_S19S_0016_Sed_Field_ICR.D_p2,496.1953999
8,Sample_S19S_0016_Sed_Field_ICR.D_p2,496.2316912
1,Sample_S19S_0016_Sed_Field_ICR.D_p2,497.1096821
2,Sample_S19S_0016_Sed_Field_ICR.D_p2,497.1301476
16,Sample_S19S_0016_Sed_Field_ICR.D_p2,497.1793886
1,Sample_S19S_0016_Sed_Field_ICR.D_p2,497.1961766
10,Sample_S19S_0016_Sed_Field_ICR.D_p2,497.2157304
8,Sample_S19S_0016_Sed_Field_ICR.D_p2,497.2390455
18,Sample_S19S_0016_Sed_Field_ICR.D_p2,497.2522001
12,Sample_S19S_0016_Sed_Field_ICR.D_p2,497.2754084
6,Sample_S19S_0016_Sed_Field_ICR.D_p2,497.3118372
1,Sample_S19S_0016_Sed_Field_ICR.D_p2,498.1381328
19,Sample_S19S_0016_Sed_Field_ICR.D_p2,498.1617513
9,Sample_S19S_0016_Sed_Field_ICR.D_p2,498.2110253
15,Sample_S19S_0016_Sed_Field_ICR.D_p2,499.1093112
7,Sample_S19S_0016_Sed_Field_ICR.D_p2,499.1377212
4,Sample_S19S_0016_Sed_Field_ICR.D_p2,499.1461299
3,Sample_S19S_0016_Sed_Field_ICR.D_p2,499.1824541
17,Sample_S19S_0016_Sed_Field_ICR.D_p2,499.2104255
19,Sample_S19S_0016_Sed_Field_ICR.D_p2,499.2184243
5,Sample_S19S_0016_Sed_Field_ICR.D_p2,499.2313545
11,Sample_S19S_0016_Sed_Field_ICR.D_p2,499.2546595
2,Sample_S19S_0016_Sed_Field_ICR.D_p2,499.2910097
1,Sample_S19S_0016_Sed_Field_ICR.D_p2,499.3278446
15,Sample_S19S_0016_Sed_Field_ICR.D_p2,500.1539462
1,Sample_S19S_0016_Sed_Field_ICR.D_p2,500.1590015
1,Sample_S19S_0016_Sed_Field_ICR.D_p2,500.190219
1,Sample_S19S_0016_Sed_Field_ICR.D_p2,501.1527673
13,Sample_S19S_0016_Sed_Field_ICR.D_p2,501.1612956
23,Sample_S19S_0016_Sed_Field_ICR.D_p2,501.1896846
25,Sample_S19S_0016_Sed_Field_ICR.D_p2,501.2341074
23,Sample_S19S_0016_Sed_Field_ICR.D_p2,501.2705063
10,Sample_S19S_0016_Sed_Field_ICR.D_p2,501.3067877
6,Sample_S19S_0016_Sed_Field_ICR.D_p2,501.3430629
4,Sample_S19S_0016_Sed_Field_ICR.D_p2,502.2292793
17,Sample_S19S_0016_Sed_Field_ICR.D_p2,503.1195309
5,Sample_S19S_0016_Sed_Field_ICR.D_p2,503.1326318
7,Sample_S19S_0016_Sed_Field_ICR.D_p2,503.1768678
12,Sample_S19S_0016_Sed_Field_ICR.D_p2,503.2051842
4,Sample_S19S_0016_Sed_Field_ICR.D_p2,503.2130913
10,Sample_S19S_0016_Sed_Field_ICR.D_p2,503.2415628
8,Sample_S19S_0016_Sed_Field_ICR.D_p2,503.2779927
8,Sample_S19S_0016_Sed_Field_ICR.D_p2,503.2860944
10,Sample_S19S_0016_Sed_Field_ICR.D_p2,504.1722947
1,Sample_S19S_0016_Sed_Field_ICR.D_p2,505.0990412
4,Sample_S19S_0016_Sed_Field_ICR.D_p2,505.1350781
5,Sample_S19S_0016_Sed_Field_ICR.D_p2,505.1482794
13,Sample_S19S_0016_Sed_Field_ICR.D_p2,505.1846129
15,Sample_S19S_0016_Sed_Field_ICR.D_p2,505.1926883
10,Sample_S19S_0016_Sed_Field_ICR.D_p2,505.221033
3,Sample_S19S_0016_Sed_Field_ICR.D_p2,505.2291756
5,Sample_S19S_0016_Sed_Field_ICR.D_p2,505.2385882
21,Sample_S19S_0016_Sed_Field_ICR.D_p2,505.2573293
18,Sample_S19S_0016_Sed_Field_ICR.D_p2,505.2653976
5,Sample_S19S_0016_Sed_Field_ICR.D_p2,505.293641
1,Sample_S19S_0016_Sed_Field_ICR.D_p2,506.1790577
4,Sample_S19S_0016_Sed_Field_ICR.D_p2,506.1875783
3,Sample_S19S_0016_Sed_Field_ICR.D_p2,506.2239648
17,Sample_S19S_0016_Sed_Field_ICR.D_p2,507.1144464
28,Sample_S19S_0016_Sed_Field_ICR.D_p2,507.1508255
1,Sample_S19S_0016_Sed_Field_ICR.D_p2,507.1812775
22,Sample_S19S_0016_Sed_Field_ICR.D_p2,507.2001826
3,Sample_S19S_0016_Sed_Field_ICR.D_p2,507.2178377
17,Sample_S19S_0016_Sed_Field_ICR.D_p2,507.2364864
2,Sample_S19S_0016_Sed_Field_ICR.D_p2,507.2543163
1,Sample_S19S_0016_Sed_Field_ICR.D_p2,507.2601915
9,Sample_S19S_0016_Sed_Field_ICR.D_p2,507.2728559
1,Sample_S19S_0016_Sed_Field_ICR.D_p2,508.1955577
10,Sample_S19S_0016_Sed_Field_ICR.D_p2,509.0937287
4,Sample_S19S_0016_Sed_Field_ICR.D_p2,509.1219812
9,Sample_S19S_0016_Sed_Field_ICR.D_p2,509.1430402
11,Sample_S19S_0016_Sed_Field_ICR.D_p2,509.179341
1,Sample_S19S_0016_Sed_Field_ICR.D_p2,509.1961729
19,Sample_S19S_0016_Sed_Field_ICR.D_p2,509.2157568
6,Sample_S19S_0016_Sed_Field_ICR.D_p2,509.2335119
6,Sample_S19S_0016_Sed_Field_ICR.D_p2,509.2391011
19,Sample_S19S_0016_Sed_Field_ICR.D_p2,509.2522003
1,Sample_S19S_0016_Sed_Field_ICR.D_p2,509.2696963
9,Sample_S19S_0016_Sed_Field_ICR.D_p2,509.2755137
16,Sample_S19S_0016_Sed_Field_ICR.D_p2,509.2886472
10,Sample_S19S_0016_Sed_Field_ICR.D_p2,509.3117914
1,Sample_S19S_0016_Sed_Field_ICR.D_p2,509.3766895
21,Sample_S19S_0016_Sed_Field_ICR.D_p2,510.2111059
4,Sample_S19S_0016_Sed_Field_ICR.D_p2,511.1375472
2,Sample_S19S_0016_Sed_Field_ICR.D_p2,511.1455592
3,Sample_S19S_0016_Sed_Field_ICR.D_p2,511.1948908
14,Sample_S19S_0016_Sed_Field_ICR.D_p2,511.2183807
10,Sample_S19S_0016_Sed_Field_ICR.D_p2,511.231412
10,Sample_S19S_0016_Sed_Field_ICR.D_p2,511.2547768
10,Sample_S19S_0016_Sed_Field_ICR.D_p2,511.2678647
10,Sample_S19S_0016_Sed_Field_ICR.D_p2,511.2911339
5,Sample_S19S_0016_Sed_Field_ICR.D_p2,511.3275342
18,Sample_S19S_0016_Sed_Field_ICR.D_p2,512.1903568
19,Sample_S19S_0016_Sed_Field_ICR.D_p2,512.2267521
3,Sample_S19S_0016_Sed_Field_ICR.D_p2,513.1531789
4,Sample_S19S_0016_Sed_Field_ICR.D_p2,513.1612236
7,Sample_S19S_0016_Sed_Field_ICR.D_p2,513.233912
11,Sample_S19S_0016_Sed_Field_ICR.D_p2,513.2704612
12,Sample_S19S_0016_Sed_Field_ICR.D_p2,513.28355
13,Sample_S19S_0016_Sed_Field_ICR.D_p2,513.3068739
5,Sample_S19S_0016_Sed_Field_ICR.D_p2,513.343206
2,Sample_S19S_0016_Sed_Field_ICR.D_p2,514.169716
6,Sample_S19S_0016_Sed_Field_ICR.D_p2,514.2292956
12,Sample_S19S_0016_Sed_Field_ICR.D_p2,515.1688778
4,Sample_S19S_0016_Sed_Field_ICR.D_p2,515.1768835
10,Sample_S19S_0016_Sed_Field_ICR.D_p2,515.2052029
5,Sample_S19S_0016_Sed_Field_ICR.D_p2,515.213195
9,Sample_S19S_0016_Sed_Field_ICR.D_p2,515.2416147
7,Sample_S19S_0016_Sed_Field_ICR.D_p2,515.2495874
1,Sample_S19S_0016_Sed_Field_ICR.D_p2,515.2787294
10,Sample_S19S_0016_Sed_Field_ICR.D_p2,515.2860627
11,Sample_S19S_0016_Sed_Field_ICR.D_p2,515.3225486
1,Sample_S19S_0016_Sed_Field_ICR.D_p2,517.098859
3,Sample_S19S_0016_Sed_Field_ICR.D_p2,517.1352552
3,Sample_S19S_0016_Sed_Field_ICR.D_p2,517.1563614
12,Sample_S19S_0016_Sed_Field_ICR.D_p2,517.1846401
16,Sample_S19S_0016_Sed_Field_ICR.D_p2,517.1925985
16,Sample_S19S_0016_Sed_Field_ICR.D_p2,517.2208996
4,Sample_S19S_0016_Sed_Field_ICR.D_p2,517.2288048
11,Sample_S19S_0016_Sed_Field_ICR.D_p2,517.2572088
9,Sample_S19S_0016_Sed_Field_ICR.D_p2,517.2652212
2,Sample_S19S_0016_Sed_Field_ICR.D_p2,517.293483
10,Sample_S19S_0016_Sed_Field_ICR.D_p2,517.3015875
1,Sample_S19S_0016_Sed_Field_ICR.D_p2,518.1877008
1,Sample_S19S_0016_Sed_Field_ICR.D_p2,519.1146671
8,Sample_S19S_0016_Sed_Field_ICR.D_p2,519.1507584
4,Sample_S19S_0016_Sed_Field_ICR.D_p2,519.1639413
27,Sample_S19S_0016_Sed_Field_ICR.D_p2,519.2002386
8,Sample_S19S_0016_Sed_Field_ICR.D_p2,519.2081639
13,Sample_S19S_0016_Sed_Field_ICR.D_p2,519.2366622
15,Sample_S19S_0016_Sed_Field_ICR.D_p2,519.2447412
3,Sample_S19S_0016_Sed_Field_ICR.D_p2,519.2542993
10,Sample_S19S_0016_Sed_Field_ICR.D_p2,519.2730269
16,Sample_S19S_0016_Sed_Field_ICR.D_p2,519.281054
19,Sample_S19S_0016_Sed_Field_ICR.D_p2,520.1954292
1,Sample_S19S_0016_Sed_Field_ICR.D_p2,520.2316021
2,Sample_S19S_0016_Sed_Field_ICR.D_p2,520.2396155
10,Sample_S19S_0016_Sed_Field_ICR.D_p2,521.1663968
20,Sample_S19S_0016_Sed_Field_ICR.D_p2,521.1794927
5,Sample_S19S_0016_Sed_Field_ICR.D_p2,521.2157156
4,Sample_S19S_0016_Sed_Field_ICR.D_p2,521.2335707
21,Sample_S19S_0016_Sed_Field_ICR.D_p2,521.2521448
1,Sample_S19S_0016_Sed_Field_ICR.D_p2,521.2708418
8,Sample_S19S_0016_Sed_Field_ICR.D_p2,521.288516
4,Sample_S19S_0016_Sed_Field_ICR.D_p2,521.3248563
2,Sample_S19S_0016_Sed_Field_ICR.D_p2,522.2109198
1,Sample_S19S_0016_Sed_Field_ICR.D_p2,522.9823066
1,Sample_S19S_0016_Sed_Field_ICR.D_p2,523.1248495
4,Sample_S19S_0016_Sed_Field_ICR.D_p2,523.1588513
6,Sample_S19S_0016_Sed_Field_ICR.D_p2,523.1739853
17,Sample_S19S_0016_Sed_Field_ICR.D_p2,523.1820717
13,Sample_S19S_0016_Sed_Field_ICR.D_p2,523.195055
19,Sample_S19S_0016_Sed_Field_ICR.D_p2,523.231536
14,Sample_S19S_0016_Sed_Field_ICR.D_p2,523.2678897
6,Sample_S19S_0016_Sed_Field_ICR.D_p2,523.2910766
7,Sample_S19S_0016_Sed_Field_ICR.D_p2,523.304122
20,Sample_S19S_0016_Sed_Field_ICR.D_p2,524.1903581
14,Sample_S19S_0016_Sed_Field_ICR.D_p2,524.226692
1,Sample_S19S_0016_Sed_Field_ICR.D_p2,525.0933424
17,Sample_S19S_0016_Sed_Field_ICR.D_p2,525.1250197
26,Sample_S19S_0016_Sed_Field_ICR.D_p2,525.1614051
1,Sample_S19S_0016_Sed_Field_ICR.D_p2,525.1738065
9,Sample_S19S_0016_Sed_Field_ICR.D_p2,525.2106012
13,Sample_S19S_0016_Sed_Field_ICR.D_p2,525.2340332
15,Sample_S19S_0016_Sed_Field_ICR.D_p2,525.2470626
9,Sample_S19S_0016_Sed_Field_ICR.D_p2,525.270299
8,Sample_S19S_0016_Sed_Field_ICR.D_p2,525.2833815
1,Sample_S19S_0016_Sed_Field_ICR.D_p2,525.3424199
13,Sample_S19S_0016_Sed_Field_ICR.D_p2,526.1695814
10,Sample_S19S_0016_Sed_Field_ICR.D_p2,526.1929575
9,Sample_S19S_0016_Sed_Field_ICR.D_p2,526.2058859
3,Sample_S19S_0016_Sed_Field_ICR.D_p2,526.2292607
10,Sample_S19S_0016_Sed_Field_ICR.D_p2,526.2423235
4,Sample_S19S_0016_Sed_Field_ICR.D_p2,527.1773821
10,Sample_S19S_0016_Sed_Field_ICR.D_p2,527.2132606
6,Sample_S19S_0016_Sed_Field_ICR.D_p2,527.2495897
5,Sample_S19S_0016_Sed_Field_ICR.D_p2,527.2624364
11,Sample_S19S_0016_Sed_Field_ICR.D_p2,527.28601
11,Sample_S19S_0016_Sed_Field_ICR.D_p2,527.3224375
10,Sample_S19S_0016_Sed_Field_ICR.D_p2,529.1925822
12,Sample_S19S_0016_Sed_Field_ICR.D_p2,529.2208396
4,Sample_S19S_0016_Sed_Field_ICR.D_p2,529.2288014
12,Sample_S19S_0016_Sed_Field_ICR.D_p2,529.2652092
12,Sample_S19S_0016_Sed_Field_ICR.D_p2,529.3017656
12,Sample_S19S_0016_Sed_Field_ICR.D_p2,531.2001725
13,Sample_S19S_0016_Sed_Field_ICR.D_p2,531.2083472
8,Sample_S19S_0016_Sed_Field_ICR.D_p2,531.236471
1,Sample_S19S_0016_Sed_Field_ICR.D_p2,531.2437546
5,Sample_S19S_0016_Sed_Field_ICR.D_p2,531.2727826
11,Sample_S19S_0016_Sed_Field_ICR.D_p2,531.280929
5,Sample_S19S_0016_Sed_Field_ICR.D_p2,531.3092255
8,Sample_S19S_0016_Sed_Field_ICR.D_p2,531.3173436
11,Sample_S19S_0016_Sed_Field_ICR.D_p2,533.1795306
9,Sample_S19S_0016_Sed_Field_ICR.D_p2,533.2156961
2,Sample_S19S_0016_Sed_Field_ICR.D_p2,533.2235832
9,Sample_S19S_0016_Sed_Field_ICR.D_p2,533.25209
5,Sample_S19S_0016_Sed_Field_ICR.D_p2,533.2600479
7,Sample_S19S_0016_Sed_Field_ICR.D_p2,533.2884424
1,Sample_S19S_0016_Sed_Field_ICR.D_p2,533.3239715
8,Sample_S19S_0016_Sed_Field_ICR.D_p2,535.1821751
19,Sample_S19S_0016_Sed_Field_ICR.D_p2,535.1951076
13,Sample_S19S_0016_Sed_Field_ICR.D_p2,535.2314389
18,Sample_S19S_0016_Sed_Field_ICR.D_p2,535.2677938
2,Sample_S19S_0016_Sed_Field_ICR.D_p2,535.3040794
25,Sample_S19S_0016_Sed_Field_ICR.D_p2,536.2267522
1,Sample_S19S_0016_Sed_Field_ICR.D_p2,537.1928767
21,Sample_S19S_0016_Sed_Field_ICR.D_p2,537.2107257
8,Sample_S19S_0016_Sed_Field_ICR.D_p2,537.2342192
7,Sample_S19S_0016_Sed_Field_ICR.D_p2,537.247225
3,Sample_S19S_0016_Sed_Field_ICR.D_p2,537.2709868
17,Sample_S19S_0016_Sed_Field_ICR.D_p2,537.2835599
6,Sample_S19S_0016_Sed_Field_ICR.D_p2,537.3181895
2,Sample_S19S_0016_Sed_Field_ICR.D_p2,538.1691176
10,Sample_S19S_0016_Sed_Field_ICR.D_p2,538.2059118
5,Sample_S19S_0016_Sed_Field_ICR.D_p2,539.1042196
5,Sample_S19S_0016_Sed_Field_ICR.D_p2,539.2132409
12,Sample_S19S_0016_Sed_Field_ICR.D_p2,539.2496267
8,Sample_S19S_0016_Sed_Field_ICR.D_p2,539.262655
13,Sample_S19S_0016_Sed_Field_ICR.D_p2,539.2859556
5,Sample_S19S_0016_Sed_Field_ICR.D_p2,539.2990023
7,Sample_S19S_0016_Sed_Field_ICR.D_p2,539.3223482
1,Sample_S19S_0016_Sed_Field_ICR.D_p2,539.3591669
3,Sample_S19S_0016_Sed_Field_ICR.D_p2,540.1847583
1,Sample_S19S_0016_Sed_Field_ICR.D_p2,541.1920243
22,Sample_S19S_0016_Sed_Field_ICR.D_p2,541.2290565
2,Sample_S19S_0016_Sed_Field_ICR.D_p2,541.2416383
10,Sample_S19S_0016_Sed_Field_ICR.D_p2,541.2652897
4,Sample_S19S_0016_Sed_Field_ICR.D_p2,541.2782708
13,Sample_S19S_0016_Sed_Field_ICR.D_p2,541.3015887
4,Sample_S19S_0016_Sed_Field_ICR.D_p2,542.1433378
8,Sample_S19S_0016_Sed_Field_ICR.D_p2,542.1878502
3,Sample_S19S_0016_Sed_Field_ICR.D_p2,542.200438
2,Sample_S19S_0016_Sed_Field_ICR.D_p2,542.2609956
5,Sample_S19S_0016_Sed_Field_ICR.D_p2,543.2001267
2,Sample_S19S_0016_Sed_Field_ICR.D_p2,543.208077
1,Sample_S19S_0016_Sed_Field_ICR.D_p2,543.2726689
9,Sample_S19S_0016_Sed_Field_ICR.D_p2,543.2808575
8,Sample_S19S_0016_Sed_Field_ICR.D_p2,543.3173823
1,Sample_S19S_0016_Sed_Field_ICR.D_p2,543.3542957
18,Sample_S19S_0016_Sed_Field_ICR.D_p2,545.1875733
11,Sample_S19S_0016_Sed_Field_ICR.D_p2,545.2159419
23,Sample_S19S_0016_Sed_Field_ICR.D_p2,545.2239403
3,Sample_S19S_0016_Sed_Field_ICR.D_p2,545.2523758
5,Sample_S19S_0016_Sed_Field_ICR.D_p2,545.2602726
16,Sample_S19S_0016_Sed_Field_ICR.D_p2,545.2886457
11,Sample_S19S_0016_Sed_Field_ICR.D_p2,545.2967065
6,Sample_S19S_0016_Sed_Field_ICR.D_p2,545.3330671
1,Sample_S19S_0016_Sed_Field_ICR.D_p2,546.1826188
1,Sample_S19S_0016_Sed_Field_ICR.D_p2,547.1956814
18,Sample_S19S_0016_Sed_Field_ICR.D_p2,547.2315171
2,Sample_S19S_0016_Sed_Field_ICR.D_p2,547.2399162
1,Sample_S19S_0016_Sed_Field_ICR.D_p2,547.2490417
19,Sample_S19S_0016_Sed_Field_ICR.D_p2,547.2678735
1,Sample_S19S_0016_Sed_Field_ICR.D_p2,547.2757351
1,Sample_S19S_0016_Sed_Field_ICR.D_p2,547.3396209
3,Sample_S19S_0016_Sed_Field_ICR.D_p2,548.2345584
1,Sample_S19S_0016_Sed_Field_ICR.D_p2,549.1748856
7,Sample_S19S_0016_Sed_Field_ICR.D_p2,549.2106406
14,Sample_S19S_0016_Sed_Field_ICR.D_p2,549.2470293
1,Sample_S19S_0016_Sed_Field_ICR.D_p2,549.2647371
7,Sample_S19S_0016_Sed_Field_ICR.D_p2,549.283364
2,Sample_S19S_0016_Sed_Field_ICR.D_p2,549.3196351
2,Sample_S19S_0016_Sed_Field_ICR.D_p2,550.205808
3,Sample_S19S_0016_Sed_Field_ICR.D_p2,550.2419787
8,Sample_S19S_0016_Sed_Field_ICR.D_p2,551.2262635
4,Sample_S19S_0016_Sed_Field_ICR.D_p2,551.2625265
1,Sample_S19S_0016_Sed_Field_ICR.D_p2,551.2863632
5,Sample_S19S_0016_Sed_Field_ICR.D_p2,551.2988293
1,Sample_S19S_0016_Sed_Field_ICR.D_p2,552.2221774
13,Sample_S19S_0016_Sed_Field_ICR.D_p2,552.2580821
14,Sample_S19S_0016_Sed_Field_ICR.D_p2,553.20559
1,Sample_S19S_0016_Sed_Field_ICR.D_p2,553.223095
5,Sample_S19S_0016_Sed_Field_ICR.D_p2,553.2288832
4,Sample_S19S_0016_Sed_Field_ICR.D_p2,553.2418178
1,Sample_S19S_0016_Sed_Field_ICR.D_p2,553.2594666
1,Sample_S19S_0016_Sed_Field_ICR.D_p2,553.2655795
4,Sample_S19S_0016_Sed_Field_ICR.D_p2,553.2781669
6,Sample_S19S_0016_Sed_Field_ICR.D_p2,553.3147084
6,Sample_S19S_0016_Sed_Field_ICR.D_p2,553.3379921
12,Sample_S19S_0016_Sed_Field_ICR.D_p2,554.2008472
13,Sample_S19S_0016_Sed_Field_ICR.D_p2,554.2373324
1,Sample_S19S_0016_Sed_Field_ICR.D_p2,555.209076
16,Sample_S19S_0016_Sed_Field_ICR.D_p2,555.2213286
6,Sample_S19S_0016_Sed_Field_ICR.D_p2,555.244468
2,Sample_S19S_0016_Sed_Field_ICR.D_p2,555.3176324
4,Sample_S19S_0016_Sed_Field_ICR.D_p2,555.3536131
1,Sample_S19S_0016_Sed_Field_ICR.D_p2,556.239418
17,Sample_S19S_0016_Sed_Field_ICR.D_p2,557.2239531
11,Sample_S19S_0016_Sed_Field_ICR.D_p2,557.2522397
10,Sample_S19S_0016_Sed_Field_ICR.D_p2,557.2602406
5,Sample_S19S_0016_Sed_Field_ICR.D_p2,557.2968241
10,Sample_S19S_0016_Sed_Field_ICR.D_p2,557.3328937
2,Sample_S19S_0016_Sed_Field_ICR.D_p2,557.3695649
7,Sample_S19S_0016_Sed_Field_ICR.D_p2,559.1951961
3,Sample_S19S_0016_Sed_Field_ICR.D_p2,559.2316115
2,Sample_S19S_0016_Sed_Field_ICR.D_p2,559.239983
12,Sample_S19S_0016_Sed_Field_ICR.D_p2,559.3042312
7,Sample_S19S_0016_Sed_Field_ICR.D_p2,559.3122783
1,Sample_S19S_0016_Sed_Field_ICR.D_p2,560.2713581
2,Sample_S19S_0016_Sed_Field_ICR.D_p2,560.2784616
11,Sample_S19S_0016_Sed_Field_ICR.D_p2,561.2106672
4,Sample_S19S_0016_Sed_Field_ICR.D_p2,561.2469764
1,Sample_S19S_0016_Sed_Field_ICR.D_p2,561.2539652
9,Sample_S19S_0016_Sed_Field_ICR.D_p2,561.2834147
3,Sample_S19S_0016_Sed_Field_ICR.D_p2,561.319777
1,Sample_S19S_0016_Sed_Field_ICR.D_p2,561.3290295
16,Sample_S19S_0016_Sed_Field_ICR.D_p2,563.2263607
2,Sample_S19S_0016_Sed_Field_ICR.D_p2,563.2989277
1,Sample_S19S_0016_Sed_Field_ICR.D_p2,564.22013
1,Sample_S19S_0016_Sed_Field_ICR.D_p2,564.2572986
1,Sample_S19S_0016_Sed_Field_ICR.D_p2,564.2656395
12,Sample_S19S_0016_Sed_Field_ICR.D_p2,565.2056882
14,Sample_S19S_0016_Sed_Field_ICR.D_p2,565.2420146
13,Sample_S19S_0016_Sed_Field_ICR.D_p2,565.278449
1,Sample_S19S_0016_Sed_Field_ICR.D_p2,565.3153159
9,Sample_S19S_0016_Sed_Field_ICR.D_p2,566.237361
11,Sample_S19S_0016_Sed_Field_ICR.D_p2,567.2446704
13,Sample_S19S_0016_Sed_Field_ICR.D_p2,567.2808707
1,Sample_S19S_0016_Sed_Field_ICR.D_p2,568.2163351
1,Sample_S19S_0016_Sed_Field_ICR.D_p2,569.224125
12,Sample_S19S_0016_Sed_Field_ICR.D_p2,569.2965137
5,Sample_S19S_0016_Sed_Field_ICR.D_p2,569.332928
3,Sample_S19S_0016_Sed_Field_ICR.D_p2,570.2316822
1,Sample_S19S_0016_Sed_Field_ICR.D_p2,571.2400395
2,Sample_S19S_0016_Sed_Field_ICR.D_p2,571.2676349
9,Sample_S19S_0016_Sed_Field_ICR.D_p2,571.2760902
5,Sample_S19S_0016_Sed_Field_ICR.D_p2,571.3124477
4,Sample_S19S_0016_Sed_Field_ICR.D_p2,571.3487705
8,Sample_S19S_0016_Sed_Field_ICR.D_p2,572.2713403
3,Sample_S19S_0016_Sed_Field_ICR.D_p2,573.2186313
1,Sample_S19S_0016_Sed_Field_ICR.D_p2,573.2477243
20,Sample_S19S_0016_Sed_Field_ICR.D_p2,573.2552315
8,Sample_S19S_0016_Sed_Field_ICR.D_p2,573.2834052
9,Sample_S19S_0016_Sed_Field_ICR.D_p2,573.2914942
7,Sample_S19S_0016_Sed_Field_ICR.D_p2,573.3197894
6,Sample_S19S_0016_Sed_Field_ICR.D_p2,573.3278766
1,Sample_S19S_0016_Sed_Field_ICR.D_p2,575.1842621
10,Sample_S19S_0016_Sed_Field_ICR.D_p2,575.226314
5,Sample_S19S_0016_Sed_Field_ICR.D_p2,575.2342258
2,Sample_S19S_0016_Sed_Field_ICR.D_p2,575.2625924
4,Sample_S19S_0016_Sed_Field_ICR.D_p2,575.2709747
3,Sample_S19S_0016_Sed_Field_ICR.D_p2,575.2988948
1,Sample_S19S_0016_Sed_Field_ICR.D_p2,575.3062133
2,Sample_S19S_0016_Sed_Field_ICR.D_p2,576.2662608
1,Sample_S19S_0016_Sed_Field_ICR.D_p2,576.9564914
3,Sample_S19S_0016_Sed_Field_ICR.D_p2,577.2417974
1,Sample_S19S_0016_Sed_Field_ICR.D_p2,577.2781388
1,Sample_S19S_0016_Sed_Field_ICR.D_p2,577.3143296
7,Sample_S19S_0016_Sed_Field_ICR.D_p2,578.237175
2,Sample_S19S_0016_Sed_Field_ICR.D_p2,579.2211186
5,Sample_S19S_0016_Sed_Field_ICR.D_p2,579.2573685
2,Sample_S19S_0016_Sed_Field_ICR.D_p2,579.2937924
1,Sample_S19S_0016_Sed_Field_ICR.D_p2,580.2522377
1,Sample_S19S_0016_Sed_Field_ICR.D_p2,580.288595
6,Sample_S19S_0016_Sed_Field_ICR.D_p2,581.2366277
1,Sample_S19S_0016_Sed_Field_ICR.D_p2,581.308859
4,Sample_S19S_0016_Sed_Field_ICR.D_p2,581.3694436
1,Sample_S19S_0016_Sed_Field_ICR.D_p2,581.4341369
3,Sample_S19S_0016_Sed_Field_ICR.D_p2,582.2681906
4,Sample_S19S_0016_Sed_Field_ICR.D_p2,583.2522733
6,Sample_S19S_0016_Sed_Field_ICR.D_p2,583.2750587
5,Sample_S19S_0016_Sed_Field_ICR.D_p2,584.2115396
1,Sample_S19S_0016_Sed_Field_ICR.D_p2,585.218241
10,Sample_S19S_0016_Sed_Field_ICR.D_p2,585.2553469
8,Sample_S19S_0016_Sed_Field_ICR.D_p2,585.2915587
9,Sample_S19S_0016_Sed_Field_ICR.D_p2,585.3277951
5,Sample_S19S_0016_Sed_Field_ICR.D_p2,585.3641944
2,Sample_S19S_0016_Sed_Field_ICR.D_p2,587.2265632
1,Sample_S19S_0016_Sed_Field_ICR.D_p2,587.2349766
3,Sample_S19S_0016_Sed_Field_ICR.D_p2,587.2629635
2,Sample_S19S_0016_Sed_Field_ICR.D_p2,587.2713483
11,Sample_S19S_0016_Sed_Field_ICR.D_p2,587.2991463
6,Sample_S19S_0016_Sed_Field_ICR.D_p2,587.3073917
5,Sample_S19S_0016_Sed_Field_ICR.D_p2,587.3435471
2,Sample_S19S_0016_Sed_Field_ICR.D_p2,588.2659903
1,Sample_S19S_0016_Sed_Field_ICR.D_p2,589.2139136
3,Sample_S19S_0016_Sed_Field_ICR.D_p2,589.2418537
5,Sample_S19S_0016_Sed_Field_ICR.D_p2,589.2502653
11,Sample_S19S_0016_Sed_Field_ICR.D_p2,589.2783211
5,Sample_S19S_0016_Sed_Field_ICR.D_p2,589.2864386
6,Sample_S19S_0016_Sed_Field_ICR.D_p2,589.3147153
7,Sample_S19S_0016_Sed_Field_ICR.D_p2,589.3227186
3,Sample_S19S_0016_Sed_Field_ICR.D_p2,589.3511619
2,Sample_S19S_0016_Sed_Field_ICR.D_p2,590.2455643
2,Sample_S19S_0016_Sed_Field_ICR.D_p2,591.2211477
4,Sample_S19S_0016_Sed_Field_ICR.D_p2,591.2938715
1,Sample_S19S_0016_Sed_Field_ICR.D_p2,591.302363
1,Sample_S19S_0016_Sed_Field_ICR.D_p2,591.3301071
1,Sample_S19S_0016_Sed_Field_ICR.D_p2,593.2738959
4,Sample_S19S_0016_Sed_Field_ICR.D_p2,593.3079239
1,Sample_S19S_0016_Sed_Field_ICR.D_p2,595.2527829
10,Sample_S19S_0016_Sed_Field_ICR.D_p2,595.2759575
3,Sample_S19S_0016_Sed_Field_ICR.D_p2,595.2891263
8,Sample_S19S_0016_Sed_Field_ICR.D_p2,595.3122023
1,Sample_S19S_0016_Sed_Field_ICR.D_p2,595.3842797
9,Sample_S19S_0016_Sed_Field_ICR.D_p2,597.2553504
12,Sample_S19S_0016_Sed_Field_ICR.D_p2,597.2682467
11,Sample_S19S_0016_Sed_Field_ICR.D_p2,597.291611
1,Sample_S19S_0016_Sed_Field_ICR.D_p2,597.3284401
4,Sample_S19S_0016_Sed_Field_ICR.D_p2,597.4291056
1,Sample_S19S_0016_Sed_Field_ICR.D_p2,599.0778381
2,Sample_S19S_0016_Sed_Field_ICR.D_p2,599.2712145
2,Sample_S19S_0016_Sed_Field_ICR.D_p2,599.2988992
2,Sample_S19S_0016_Sed_Field_ICR.D_p2,599.3061471
2,Sample_S19S_0016_Sed_Field_ICR.D_p2,599.3799283
3,Sample_S19S_0016_Sed_Field_ICR.D_p2,601.2863145
12,Sample_S19S_0016_Sed_Field_ICR.D_p2,601.3147913
6,Sample_S19S_0016_Sed_Field_ICR.D_p2,601.3227706
1,Sample_S19S_0016_Sed_Field_ICR.D_p2,603.2302473
3,Sample_S19S_0016_Sed_Field_ICR.D_p2,603.2941965
2,Sample_S19S_0016_Sed_Field_ICR.D_p2,603.3019108
6,Sample_S19S_0016_Sed_Field_ICR.D_p2,603.3384536
3,Sample_S19S_0016_Sed_Field_ICR.D_p2,604.333538
11,Sample_S19S_0016_Sed_Field_ICR.D_p2,605.2733338
7,Sample_S19S_0016_Sed_Field_ICR.D_p2,605.3096659
3,Sample_S19S_0016_Sed_Field_ICR.D_p2,605.3458496
1,Sample_S19S_0016_Sed_Field_ICR.D_p2,606.2763377
7,Sample_S19S_0016_Sed_Field_ICR.D_p2,607.2524691
1,Sample_S19S_0016_Sed_Field_ICR.D_p2,607.2885166
1,Sample_S19S_0016_Sed_Field_ICR.D_p2,609.3051963
3,Sample_S19S_0016_Sed_Field_ICR.D_p2,610.226631
7,Sample_S19S_0016_Sed_Field_ICR.D_p2,610.2634232
7,Sample_S19S_0016_Sed_Field_ICR.D_p2,611.307124
4,Sample_S19S_0016_Sed_Field_ICR.D_p2,611.34389
6,Sample_S19S_0016_Sed_Field_ICR.D_p2,613.3228553
1,Sample_S19S_0016_Sed_Field_ICR.D_p2,615.3026874
5,Sample_S19S_0016_Sed_Field_ICR.D_p2,615.3384583
1,Sample_S19S_0016_Sed_Field_ICR.D_p2,617.2801698
11,Sample_S19S_0016_Sed_Field_ICR.D_p2,617.3096689
1,Sample_S19S_0016_Sed_Field_ICR.D_p2,617.3469226
2,Sample_S19S_0016_Sed_Field_ICR.D_p2,619.2516534
2,Sample_S19S_0016_Sed_Field_ICR.D_p2,619.2887732
1,Sample_S19S_0016_Sed_Field_ICR.D_p2,619.2963717
2,Sample_S19S_0016_Sed_Field_ICR.D_p2,621.3393749
1,Sample_S19S_0016_Sed_Field_ICR.D_p2,622.2630321
1,Sample_S19S_0016_Sed_Field_ICR.D_p2,625.3003129
1,Sample_S19S_0016_Sed_Field_ICR.D_p2,625.3235802
1,Sample_S19S_0016_Sed_Field_ICR.D_p2,625.3596823
1,Sample_S19S_0016_Sed_Field_ICR.D_p2,627.2652063
1,Sample_S19S_0016_Sed_Field_ICR.D_p2,627.3013527
1,Sample_S19S_0016_Sed_Field_ICR.D_p2,627.3388993
7,Sample_S19S_0016_Sed_Field_ICR.D_p2,627.3749625
4,Sample_S19S_0016_Sed_Field_ICR.D_p2,629.2447936
1,Sample_S19S_0016_Sed_Field_ICR.D_p2,629.2808577
1,Sample_S19S_0016_Sed_Field_ICR.D_p2,629.3099101
1,Sample_S19S_0016_Sed_Field_ICR.D_p2,629.3174697
1,Sample_S19S_0016_Sed_Field_ICR.D_p2,629.3538225
10,Sample_S19S_0016_Sed_Field_ICR.D_p2,631.2607354
4,Sample_S19S_0016_Sed_Field_ICR.D_p2,631.2891231
1,Sample_S19S_0016_Sed_Field_ICR.D_p2,631.2973178
1,Sample_S19S_0016_Sed_Field_ICR.D_p2,631.3261935
1,Sample_S19S_0016_Sed_Field_ICR.D_p2,632.5259707
4,Sample_S19S_0016_Sed_Field_ICR.D_p2,633.2317777
5,Sample_S19S_0016_Sed_Field_ICR.D_p2,633.2664362
1,Sample_S19S_0016_Sed_Field_ICR.D_p2,633.2758106
12,Sample_S19S_0016_Sed_Field_ICR.D_p2,633.3046919
2,Sample_S19S_0016_Sed_Field_ICR.D_p2,635.3210534
3,Sample_S19S_0016_Sed_Field_ICR.D_p2,635.3568368
11,Sample_S19S_0016_Sed_Field_ICR.D_p2,636.279083
4,Sample_S19S_0016_Sed_Field_ICR.D_p2,637.2996783
7,Sample_S19S_0016_Sed_Field_ICR.D_p2,639.3020656
2,Sample_S19S_0016_Sed_Field_ICR.D_p2,639.3152831
2,Sample_S19S_0016_Sed_Field_ICR.D_p2,641.3165367
1,Sample_S19S_0016_Sed_Field_ICR.D_p2,641.3538574
2,Sample_S19S_0016_Sed_Field_ICR.D_p2,642.3494351
1,Sample_S19S_0016_Sed_Field_ICR.D_p2,643.2963682
2,Sample_S19S_0016_Sed_Field_ICR.D_p2,643.368574
1,Sample_S19S_0016_Sed_Field_ICR.D_p2,645.2760612
6,Sample_S19S_0016_Sed_Field_ICR.D_p2,645.3411328
1,Sample_S19S_0016_Sed_Field_ICR.D_p2,646.3074484
1,Sample_S19S_0016_Sed_Field_ICR.D_p2,651.2778146
5,Sample_S19S_0016_Sed_Field_ICR.D_p2,651.3148684
2,Sample_S19S_0016_Sed_Field_ICR.D_p2,651.3517545
2,Sample_S19S_0016_Sed_Field_ICR.D_p2,652.2738255
1,Sample_S19S_0016_Sed_Field_ICR.D_p2,653.3009775
3,Sample_S19S_0016_Sed_Field_ICR.D_p2,653.354326
2,Sample_S19S_0016_Sed_Field_ICR.D_p2,653.3908396
2,Sample_S19S_0016_Sed_Field_ICR.D_p2,655.3703693
2,Sample_S19S_0016_Sed_Field_ICR.D_p2,657.3498029
1,Sample_S19S_0016_Sed_Field_ICR.D_p2,657.3852432
1,Sample_S19S_0016_Sed_Field_ICR.D_p2,658.3455965
2,Sample_S19S_0016_Sed_Field_ICR.D_p2,663.3517455
2,Sample_S19S_0016_Sed_Field_ICR.D_p2,665.3290271
5,Sample_S19S_0016_Sed_Field_ICR.D_p2,667.3698729
1,Sample_S19S_0016_Sed_Field_ICR.D_p2,669.3481534
1,Sample_S19S_0016_Sed_Field_ICR.D_p2,671.3272811
3,Sample_S19S_0016_Sed_Field_ICR.D_p2,671.3650117
1,Sample_S19S_0016_Sed_Field_ICR.D_p2,671.4007734
4,Sample_S19S_0016_Sed_Field_ICR.D_p2,673.2630844
8,Sample_S19S_0016_Sed_Field_ICR.D_p2,677.3308409
1,Sample_S19S_0016_Sed_Field_ICR.D_p2,679.3106295
1,Sample_S19S_0016_Sed_Field_ICR.D_p2,683.401665
3,Sample_S19S_0016_Sed_Field_ICR.D_p2,685.34276
1,Sample_S19S_0016_Sed_Field_ICR.D_p2,685.3808054
6,Sample_S19S_0016_Sed_Field_ICR.D_p2,686.3394142
1,Sample_S19S_0016_Sed_Field_ICR.D_p2,687.3499156
1,Sample_S19S_0016_Sed_Field_ICR.D_p2,687.3585633
4,Sample_S19S_0016_Sed_Field_ICR.D_p2,689.3305294
1,Sample_S19S_0016_Sed_Field_ICR.D_p2,689.3399832
1,Sample_S19S_0016_Sed_Field_ICR.D_p2,689.3663648
1,Sample_S19S_0016_Sed_Field_ICR.D_p2,690.298668
1,Sample_S19S_0016_Sed_Field_ICR.D_p2,693.3622227
1,Sample_S19S_0016_Sed_Field_ICR.D_p2,705.3612023
1,Sample_S19S_0016_Sed_Field_ICR.D_p2,719.1480011
1,Sample_S19S_0016_Sed_Field_ICR.D_p2,790.4286748
